transcript_id,interaction_id,process_date,customer_id,agent_id,full_text,customer_text,agent_text,detected_language,detected_accent,accent_confidence,detected_keywords,mentioned_entities,detected_intents,main_topics,transcription_model,audio_quality,duration_seconds
TRS-2W8PM6QMZLL46Y5OUY2A,INT-KTSGLGEX3P3U2U1I,2026-06-10,CLI-BZZ351SORVZG,AGT-1G6T32CON1,"Cliente: Buenas tardes, necesito consultar el saldo de mi tarjeta de crédito.

Agente: Buenas tardes, claro que sí. Déjeme revisar esa información. Su saldo actual es {monto} {moneda} y su límite disponible es de {limite} {moneda}.

Cliente: Perfecto, eso es lo que necesitaba.

Agente: Claro, estoy para servirle.","Buenas tardes, necesito consultar el saldo de mi tarjeta de crédito. Perfecto, eso es lo que necesitaba.","Buenas tardes, claro que sí. Déjeme revisar esa información. Su saldo actual es {monto} {moneda} y su límite disponible es de {limite} {moneda}. Claro, estoy para servirle.",es,mexican,0.93,"banco, cuenta, servicio","{""account_numbers"": 2, ""dates"": 0, ""amounts"": 2, ""products"": null}",consulta_general,Transaccional,Azure Speech,High,221.0
TRS-HA40OAY2NWHHHNR9QXBD,INT-ZIPBRYA288JDVQ6K,2026-06-10,CLI-Z2YAARCHVS0R,AGT-9XS8S3F6F9,"Cliente: Buenas tardes, necesito consultar el saldo de mi tarjeta de crédito.

Agente: Buenas tardes, claro que sí. Déjeme revisar esa información. Su saldo actual es {monto} {moneda} y su límite disponible es de {limite} {moneda}.","Buenas tardes, necesito consultar el saldo de mi tarjeta de crédito.","Buenas tardes, claro que sí. Déjeme revisar esa información. Su saldo actual es {monto} {moneda} y su límite disponible es de {limite} {moneda}.",es,,0.85,"servicio, cuenta, banco","{""account_numbers"": 1, ""dates"": 0, ""amounts"": 0, ""products"": null}",consulta_general,Transaccional,Whisper v3,High,192.0
TRS-0KY5IZ7VO524GECC2OBL,INT-BZWOPNLALBNZWA9F,2026-06-10,CLI-AIZGITUL7M5S,AGT-1FE9KA8SIW,"Cliente: Buenas tardes, necesito consultar el saldo de mi tarjeta de crédito.

Agente: Buenas tardes, claro que sí. Déjeme revisar esa información. Su saldo actual es {monto} {moneda} y su límite disponible es de {limite} {moneda}.","Buenas tardes, necesito consultar el saldo de mi tarjeta de crédito.","Buenas tardes, claro que sí. Déjeme revisar esa información. Su saldo actual es {monto} {moneda} y su límite disponible es de {limite} {moneda}.",es,mexican,0.9,"servicio, banco, cuenta","{""account_numbers"": 2, ""dates"": 1, ""amounts"": 1, ""products"": null}",consulta_general,Técnico,Whisper v3,High,
TRS-4VMAHXZDFTZXX99YB92F,INT-OD1VF51L9MSMZ6YC,2026-06-10,CLI-S21M6QBBQ32X,AGT-BT05WAA543,"Cliente: Hola, buenos días. Quisiera saber cuál es mi saldo actual en mi cuenta de ahorros.

Agente: Buenos días, con gusto le ayudo. Permítame un momento para verificar su saldo. Su saldo actual es de {monto} {moneda}.

Cliente: Muy bien, ¿hay algo más que deba saber?

Agente: Perfecto, ¿necesita algo más?

Cliente: ¿Y eso cuánto tiempo tarda?

Agente: Claro, estoy para servirle.","Hola, buenos días. Quisiera saber cuál es mi saldo actual en mi cuenta de ahorros. Muy bien, ¿hay algo más que deba saber? ¿Y eso cuánto tiempo tarda?","Buenos días, con gusto le ayudo. Permítame un momento para verificar su saldo. Su saldo actual es de {monto} {moneda}. Perfecto, ¿necesita algo más? Claro, estoy para servirle.",es,,0.84,"cuenta, servicio, banco","{""account_numbers"": 2, ""dates"": 0, ""amounts"": 0, ""products"": ""Tarjeta Crédito""}",consulta_general,Técnico,Azure Speech,High,349.0
TRS-0JEXP08H99CJBWBFAPPV,INT-OZ6BWA092NLNQTMA,2026-06-10,CLI-G8KH4UW0ABWM,AGT-MUGUW34H6Y,"Cliente: Buenas tardes, necesito consultar el saldo de mi tarjeta de crédito.

Agente: Buenas tardes, claro que sí. Déjeme revisar esa información. Su saldo actual es {monto} {moneda} y su límite disponible es de {limite} {moneda}.","Buenas tardes, necesito consultar el saldo de mi tarjeta de crédito.","Buenas tardes, claro que sí. Déjeme revisar esa información. Su saldo actual es {monto} {moneda} y su límite disponible es de {limite} {moneda}.",es,colombian,0.75,"banco, servicio, cuenta",,consulta_general,Técnico,Azure Speech,High,381.0
TRS-I4CLNPM24JO5V4UX6XQ2,INT-675GPKPQ3IPPS8OQ,2026-06-10,CLI-SILRC9L0PFU1,AGT-ZAL4032JRP,"Cliente: Hola, buenos días. Quisiera saber cuál es mi saldo actual en mi cuenta de ahorros.

Agente: Buenos días, con gusto le ayudo. Permítame un momento para verificar su saldo. Su saldo actual es de {monto} {moneda}.

Cliente: ¿Y eso cuánto tiempo tarda?

Agente: Claro, estoy para servirle.

Cliente: ¿Y eso cuánto tiempo tarda?

Agente: No hay problema, que tenga buen día.","Hola, buenos días. Quisiera saber cuál es mi saldo actual en mi cuenta de ahorros. ¿Y eso cuánto tiempo tarda? ¿Y eso cuánto tiempo tarda?","Buenos días, con gusto le ayudo. Permítame un momento para verificar su saldo. Su saldo actual es de {monto} {moneda}. Claro, estoy para servirle. No hay problema, que tenga buen día.",es,mexican,0.85,"banco, servicio, cuenta","{""account_numbers"": 0, ""dates"": 1, ""amounts"": 0, ""products"": ""Tarjeta Crédito""}",,Producto,AWS Transcribe,High,336.0
TRS-GPHN5660K38DI4Y6OMN2,INT-T9NCAWY2DOQ34BJM,2026-06-10,CLI-OESV87SOJ80H,AGT-I0U7X8BN8X,"Cliente: Hola, buenos días. Quisiera saber cuál es mi saldo actual en mi cuenta de ahorros.

Agente: Buenos días, con gusto le ayudo. Permítame un momento para verificar su saldo. Su saldo actual es de {monto} {moneda}.

Cliente: Entiendo, muchas gracias.

Agente: Claro, estoy para servirle.

Cliente: Entiendo, muchas gracias.

Agente: Perfecto, ¿necesita algo más?","Hola, buenos días. Quisiera saber cuál es mi saldo actual en mi cuenta de ahorros. Entiendo, muchas gracias. Entiendo, muchas gracias.","Buenos días, con gusto le ayudo. Permítame un momento para verificar su saldo. Su saldo actual es de {monto} {moneda}. Claro, estoy para servirle. Perfecto, ¿necesita algo más?",es,mexican,0.8,"servicio, cuenta, banco","{""account_numbers"": 2, ""dates"": 0, ""amounts"": 1, ""products"": ""Cuenta Ahorro""}",consulta_general,Transaccional,Azure Speech,High,183.0
TRS-HF3PTKWIHQDVOZE8N0V6,INT-GGJ72SXUDLFA6HSC,2026-06-10,CLI-VQFRTV2WRENU,AGT-O0IO8DF56E,"Cliente: Hola, buenos días. Quisiera saber cuál es mi saldo actual en mi cuenta de ahorros.

Agente: Buenos días, con gusto le ayudo. Permítame un momento para verificar su saldo. Su saldo actual es de {monto} {moneda}.

Cliente: Entiendo, muchas gracias.

Agente: No hay problema, que tenga buen día.

Cliente: Perfecto, eso es lo que necesitaba.

Agente: Perfecto, ¿necesita algo más?","Hola, buenos días. Quisiera saber cuál es mi saldo actual en mi cuenta de ahorros. Entiendo, muchas gracias. Perfecto, eso es lo que necesitaba.","Buenos días, con gusto le ayudo. Permítame un momento para verificar su saldo. Su saldo actual es de {monto} {moneda}. No hay problema, que tenga buen día. Perfecto, ¿necesita algo más?",es,,0.75,"cuenta, banco","{""account_numbers"": 1, ""dates"": 0, ""amounts"": 1, ""products"": null}",consulta_general,Queja,Whisper v3,High,485.0
TRS-EOUOOGV0TAMPNF75H7AL,INT-J6K7E6LI1YT8VG4Y,2026-06-10,CLI-J8AVZ3ZSC8FW,AGT-Q4SXP4EG6L,"Cliente: Buenas tardes, necesito consultar el saldo de mi tarjeta de crédito.

Agente: Buenas tardes, claro que sí. Déjeme revisar esa información. Su saldo actual es {monto} {moneda} y su límite disponible es de {limite} {moneda}.

Cliente: Entiendo, muchas gracias.

Agente: No hay problema, que tenga buen día.

Cliente: Muy bien, ¿hay algo más que deba saber?

Agente: Claro, estoy para servirle.","Buenas tardes, necesito consultar el saldo de mi tarjeta de crédito. Entiendo, muchas gracias. Muy bien, ¿hay algo más que deba saber?","Buenas tardes, claro que sí. Déjeme revisar esa información. Su saldo actual es {monto} {moneda} y su límite disponible es de {limite} {moneda}. No hay problema, que tenga buen día. Claro, estoy para servirle.",es,mexican,0.86,"servicio, cuenta","{""account_numbers"": 0, ""dates"": 1, ""amounts"": 0, ""products"": null}",consulta_general,Comercial,AWS Transcribe,High,638.0
TRS-3F3MF0GCSI3DFLWJFI62,INT-CU7GTS38PVBCJCU2,2026-06-10,CLI-COJAYV5MCOB2,AGT-AY5LPIBFMB,"Cliente: Hola, buenos días. Quisiera saber cuál es mi saldo actual en mi cuenta de ahorros.

Agente: Buenos días, con gusto le ayudo. Permítame un momento para verificar su saldo. Su saldo actual es de {monto} {moneda}.","Hola, buenos días. Quisiera saber cuál es mi saldo actual en mi cuenta de ahorros.","Buenos días, con gusto le ayudo. Permítame un momento para verificar su saldo. Su saldo actual es de {monto} {moneda}.",es,mexican,0.9,"servicio, cuenta, banco",,consulta_general,Transaccional,Whisper v3,High,170.0
TRS-67Y0QXS13A629I88V0IZ,INT-09CM5D8KQAVUFR9C,2026-06-10,CLI-GMKCCRLID95T,AGT-FRAJBL87DS,"Cliente: Hola, buenos días. Quisiera saber cuál es mi saldo actual en mi cuenta de ahorros.

Agente: Buenos días, con gusto le ayudo. Permítame un momento para verificar su saldo. Su saldo actual es de {monto} {moneda}.","Hola, buenos días. Quisiera saber cuál es mi saldo actual en mi cuenta de ahorros.","Buenos días, con gusto le ayudo. Permítame un momento para verificar su saldo. Su saldo actual es de {monto} {moneda}.",es,colombian,0.78,"cuenta, servicio, banco","{""account_numbers"": 2, ""dates"": 1, ""amounts"": 2, ""products"": ""Cuenta Ahorro""}",consulta_general,Transaccional,Whisper v3,Low,220.0
TRS-7LOBWR4VAOJDAT4BF20E,INT-WJU3SRQ46W8VQBOJ,2026-06-10,CLI-PY6GO6ITDQAI,AGT-QFOUTLLR71,"Cliente: Hola, buenos días. Quisiera saber cuál es mi saldo actual en mi cuenta de ahorros.

Agente: Buenos días, con gusto le ayudo. Permítame un momento para verificar su saldo. Su saldo actual es de {monto} {moneda}.

Cliente: Entiendo, muchas gracias.

Agente: Perfecto, ¿necesita algo más?","Hola, buenos días. Quisiera saber cuál es mi saldo actual en mi cuenta de ahorros. Entiendo, muchas gracias.","Buenos días, con gusto le ayudo. Permítame un momento para verificar su saldo. Su saldo actual es de {monto} {moneda}. Perfecto, ¿necesita algo más?",es,,0.78,"cuenta, banco, servicio","{""account_numbers"": 1, ""dates"": 1, ""amounts"": 0, ""products"": null}",consulta_general,Comercial,Whisper v3,High,459.0
TRS-WDVBOS941KR6UMHPSYZ0,INT-K50229WWIHBLF5TM,2026-06-10,CLI-88I56JBHDE5C,AGT-FJRKLZU2YC,"Cliente: Buenas tardes, necesito consultar el saldo de mi tarjeta de crédito.

Agente: Buenas tardes, claro que sí. Déjeme revisar esa información. Su saldo actual es {monto} {moneda} y su límite disponible es de {limite} {moneda}.

Cliente: Muy bien, ¿hay algo más que deba saber?

Agente: Con gusto. ¿Hay algo más en lo que pueda ayudarle?

Cliente: ¿Y eso cuánto tiempo tarda?

Agente: Claro, estoy para servirle.","Buenas tardes, necesito consultar el saldo de mi tarjeta de crédito. Muy bien, ¿hay algo más que deba saber? ¿Y eso cuánto tiempo tarda?","Buenas tardes, claro que sí. Déjeme revisar esa información. Su saldo actual es {monto} {moneda} y su límite disponible es de {limite} {moneda}. Con gusto. ¿Hay algo más en lo que pueda ayudarle? Claro, estoy para servirle.",es,colombian,0.79,"cuenta, banco, servicio",,consulta_general,Producto,Azure Speech,High,143.0
TRS-JZ626YAELM47X71X0TEL,INT-PEJ17RAVFCH44PP5,2026-06-10,CLI-86LWUZWE8MR9,AGT-P4V46JOBFM,"Cliente: Buenas tardes, necesito consultar el saldo de mi tarjeta de crédito.

Agente: Buenas tardes, claro que sí. Déjeme revisar esa información. Su saldo actual es {monto} {moneda} y su límite disponible es de {limite} {moneda}.","Buenas tardes, necesito consultar el saldo de mi tarjeta de crédito.","Buenas tardes, claro que sí. Déjeme revisar esa información. Su saldo actual es {monto} {moneda} y su límite disponible es de {limite} {moneda}.",es,mexican,0.93,"cuenta, servicio, banco","{""account_numbers"": 1, ""dates"": 0, ""amounts"": 2, ""products"": ""Cuenta Ahorro""}",consulta_general,Transaccional,Whisper v3,High,203.0
TRS-R2UZ7V1XRAPGV4UGL2DS,INT-IVIUH3VFNJZY4HT4,2026-06-10,CLI-SP9ET36XVDIF,AGT-GR5JJJRL3O,"Cliente: Hola, buenos días. Quisiera saber cuál es mi saldo actual en mi cuenta de ahorros.

Agente: Buenos días, con gusto le ayudo. Permítame un momento para verificar su saldo. Su saldo actual es de {monto} {moneda}.","Hola, buenos días. Quisiera saber cuál es mi saldo actual en mi cuenta de ahorros.","Buenos días, con gusto le ayudo. Permítame un momento para verificar su saldo. Su saldo actual es de {monto} {moneda}.",es,,,"cuenta, servicio, banco","{""account_numbers"": 0, ""dates"": 0, ""amounts"": 1, ""products"": ""Cuenta Ahorro""}",consulta_general,Producto,Whisper v3,High,273.0
TRS-NEVYCK18L275ZS3FW5KP,INT-ONPHNN2WRVHT92Y4,2026-06-10,CLI-9U4K57B14358,AGT-VRI9ZS84KO,"Cliente: Hola, buenos días. Quisiera saber cuál es mi saldo actual en mi cuenta de ahorros.

Agente: Buenos días, con gusto le ayudo. Permítame un momento para verificar su saldo. Su saldo actual es de {monto} {moneda}.

Cliente: Muy bien, ¿hay algo más que deba saber?

Agente: Claro, estoy para servirle.","Hola, buenos días. Quisiera saber cuál es mi saldo actual en mi cuenta de ahorros. Muy bien, ¿hay algo más que deba saber?","Buenos días, con gusto le ayudo. Permítame un momento para verificar su saldo. Su saldo actual es de {monto} {moneda}. Claro, estoy para servirle.",es,colombian,0.94,"servicio, cuenta","{""account_numbers"": 0, ""dates"": 0, ""amounts"": 0, ""products"": ""Cuenta Ahorro""}",consulta_general,Producto,AWS Transcribe,,
TRS-2SZWC5PLFPLU1M3WVZPE,INT-KAMU26ME7KHQ0ZQX,2026-06-10,CLI-YP4I1SCPGMNK,AGT-W2NEJNXW3S,"Cliente: Hola, buenos días. Quisiera saber cuál es mi saldo actual en mi cuenta de ahorros.

Agente: Buenos días, con gusto le ayudo. Permítame un momento para verificar su saldo. Su saldo actual es de {monto} {moneda}.","Hola, buenos días. Quisiera saber cuál es mi saldo actual en mi cuenta de ahorros.","Buenos días, con gusto le ayudo. Permítame un momento para verificar su saldo. Su saldo actual es de {monto} {moneda}.",es,mexican,0.9,"cuenta, servicio, banco","{""account_numbers"": 1, ""dates"": 1, ""amounts"": 2, ""products"": ""Tarjeta Crédito""}",,Transaccional,Whisper v3,High,165.0
TRS-43MUGMXQB7F7DYV0SO29,INT-EVRK18EPBUPI5M35,2026-06-10,CLI-2ZVMGH7BIFZV,AGT-HXQ8E585EG,"Cliente: Hola, buenos días. Quisiera saber cuál es mi saldo actual en mi cuenta de ahorros.

Agente: Buenos días, con gusto le ayudo. Permítame un momento para verificar su saldo. Su saldo actual es de {monto} {moneda}.","Hola, buenos días. Quisiera saber cuál es mi saldo actual en mi cuenta de ahorros.","Buenos días, con gusto le ayudo. Permítame un momento para verificar su saldo. Su saldo actual es de {monto} {moneda}.",es,mexican,0.76,"banco, cuenta, servicio","{""account_numbers"": 2, ""dates"": 1, ""amounts"": 0, ""products"": ""Cuenta Ahorro""}",consulta_general,Transaccional,Whisper v3,Low,117.0
TRS-TKCQOXFCQCJ7GF8ZV8C0,INT-BKVE00U599MCRH4A,2026-06-10,CLI-GBIPGZQNMM2C,AGT-MSMPY4CS16,"Cliente: Buenas tardes, necesito consultar el saldo de mi tarjeta de crédito.

Agente: Buenas tardes, claro que sí. Déjeme revisar esa información. Su saldo actual es {monto} {moneda} y su límite disponible es de {limite} {moneda}.","Buenas tardes, necesito consultar el saldo de mi tarjeta de crédito.","Buenas tardes, claro que sí. Déjeme revisar esa información. Su saldo actual es {monto} {moneda} y su límite disponible es de {limite} {moneda}.",es,mexican,0.98,"servicio, banco, cuenta","{""account_numbers"": 0, ""dates"": 1, ""amounts"": 1, ""products"": null}",consulta_general,Producto,Whisper v3,Medium,189.0
TRS-PUB3EIQ24F6GUXXD9747,INT-D9MKC6ZI67U8J2NW,2026-06-10,CLI-49WN6Z76Y2Y3,AGT-Y9S7A0UC7Q,"Cliente: Hola, buenos días. Quisiera saber cuál es mi saldo actual en mi cuenta de ahorros.

Agente: Buenos días, con gusto le ayudo. Permítame un momento para verificar su saldo. Su saldo actual es de {monto} {moneda}.

Cliente: Perfecto, eso es lo que necesitaba.

Agente: Con gusto. ¿Hay algo más en lo que pueda ayudarle?

Cliente: Muy bien, ¿hay algo más que deba saber?

Agente: Claro, estoy para servirle.","Hola, buenos días. Quisiera saber cuál es mi saldo actual en mi cuenta de ahorros. Perfecto, eso es lo que necesitaba. Muy bien, ¿hay algo más que deba saber?","Buenos días, con gusto le ayudo. Permítame un momento para verificar su saldo. Su saldo actual es de {monto} {moneda}. Con gusto. ¿Hay algo más en lo que pueda ayudarle? Claro, estoy para servirle.",es,mexican,0.84,"cuenta, banco, servicio",,consulta_general,Retención,Azure Speech,Medium,662.0
TRS-VNT1CGNOCDWVE00D6ZAM,INT-NO7ZZQP3IG3JKKRJ,2026-06-10,CLI-YAZNFQH8FC1W,AGT-3EE5S99BFU,"Cliente: Buenas tardes, necesito consultar el saldo de mi tarjeta de crédito.

Agente: Buenas tardes, claro que sí. Déjeme revisar esa información. Su saldo actual es {monto} {moneda} y su límite disponible es de {limite} {moneda}.

Cliente: ¿Y eso cuánto tiempo tarda?

Agente: No hay problema, que tenga buen día.

Cliente: Perfecto, eso es lo que necesitaba.

Agente: Perfecto, ¿necesita algo más?","Buenas tardes, necesito consultar el saldo de mi tarjeta de crédito. ¿Y eso cuánto tiempo tarda? Perfecto, eso es lo que necesitaba.","Buenas tardes, claro que sí. Déjeme revisar esa información. Su saldo actual es {monto} {moneda} y su límite disponible es de {limite} {moneda}. No hay problema, que tenga buen día. Perfecto, ¿necesita algo más?",es,mexican,,"servicio, cuenta, banco","{""account_numbers"": 0, ""dates"": 0, ""amounts"": 2, ""products"": null}",consulta_general,Queja,Whisper v3,Low,
TRS-YKXW356RJOTMMYF9ROYU,INT-X9CCYN2DF0DMHJD0,2026-06-10,CLI-4Y8QW9XYML0V,AGT-8S2BFYRBVR,"Cliente: Hola, buenos días. Quisiera saber cuál es mi saldo actual en mi cuenta de ahorros.

Agente: Buenos días, con gusto le ayudo. Permítame un momento para verificar su saldo. Su saldo actual es de {monto} {moneda}.

Cliente: Perfecto, eso es lo que necesitaba.

Agente: Perfecto, ¿necesita algo más?","Hola, buenos días. Quisiera saber cuál es mi saldo actual en mi cuenta de ahorros. Perfecto, eso es lo que necesitaba.","Buenos días, con gusto le ayudo. Permítame un momento para verificar su saldo. Su saldo actual es de {monto} {moneda}. Perfecto, ¿necesita algo más?",es,,,"cuenta, banco, servicio",,consulta_general,Retención,Azure Speech,Medium,337.0
TRS-2HGM2W78UZKE9B3MO7ZD,INT-XQKV3OD0N1J6LYYU,2026-06-10,CLI-I466SKCUPVMV,AGT-6RJU5Z1O8U,"Cliente: Hola, buenos días. Quisiera saber cuál es mi saldo actual en mi cuenta de ahorros.

Agente: Buenos días, con gusto le ayudo. Permítame un momento para verificar su saldo. Su saldo actual es de {monto} {moneda}.","Hola, buenos días. Quisiera saber cuál es mi saldo actual en mi cuenta de ahorros.","Buenos días, con gusto le ayudo. Permítame un momento para verificar su saldo. Su saldo actual es de {monto} {moneda}.",es,,0.96,"cuenta, banco","{""account_numbers"": 1, ""dates"": 1, ""amounts"": 2, ""products"": null}",consulta_general,Producto,Google STT,Medium,
TRS-N1RL3XPGWYYK8CZDYTVH,INT-ITUQ8P5UNQBR6IUQ,2026-06-10,CLI-II89ROSTUR5Y,AGT-IOAGLENSDV,"Cliente: Buenas tardes, necesito consultar el saldo de mi tarjeta de crédito.

Agente: Buenas tardes, claro que sí. Déjeme revisar esa información. Su saldo actual es {monto} {moneda} y su límite disponible es de {limite} {moneda}.","Buenas tardes, necesito consultar el saldo de mi tarjeta de crédito.","Buenas tardes, claro que sí. Déjeme revisar esa información. Su saldo actual es {monto} {moneda} y su límite disponible es de {limite} {moneda}.",es,mexican,0.91,"cuenta, servicio, banco","{""account_numbers"": 2, ""dates"": 0, ""amounts"": 2, ""products"": ""Tarjeta Crédito""}",consulta_general,Transaccional,Whisper v3,High,380.0
TRS-DAPJ0MFO8WHP3EYE5XOI,INT-WM4ETXYOSCPWSX33,2026-06-10,CLI-2G3LY2T5V92U,AGT-KFVMJV5MAS,"Cliente: Hola, buenos días. Quisiera saber cuál es mi saldo actual en mi cuenta de ahorros.

Agente: Buenos días, con gusto le ayudo. Permítame un momento para verificar su saldo. Su saldo actual es de {monto} {moneda}.","Hola, buenos días. Quisiera saber cuál es mi saldo actual en mi cuenta de ahorros.","Buenos días, con gusto le ayudo. Permítame un momento para verificar su saldo. Su saldo actual es de {monto} {moneda}.",es,mexican,0.93,"servicio, cuenta, banco","{""account_numbers"": 1, ""dates"": 1, ""amounts"": 0, ""products"": ""Cuenta Ahorro""}",consulta_general,Producto,AWS Transcribe,High,235.0
TRS-6X60P0RRD2TLJE2PF2QP,INT-XRE9AIA6QVVKI7TZ,2026-06-10,CLI-NPC118CG7TDJ,AGT-7ID1M83527,"Cliente: Hola, buenos días. Quisiera saber cuál es mi saldo actual en mi cuenta de ahorros.

Agente: Buenos días, con gusto le ayudo. Permítame un momento para verificar su saldo. Su saldo actual es de {monto} {moneda}.

Cliente: ¿Y eso cuánto tiempo tarda?

Agente: Con gusto. ¿Hay algo más en lo que pueda ayudarle?","Hola, buenos días. Quisiera saber cuál es mi saldo actual en mi cuenta de ahorros. ¿Y eso cuánto tiempo tarda?","Buenos días, con gusto le ayudo. Permítame un momento para verificar su saldo. Su saldo actual es de {monto} {moneda}. Con gusto. ¿Hay algo más en lo que pueda ayudarle?",es,argentine,0.98,"banco, servicio, cuenta","{""account_numbers"": 0, ""dates"": 0, ""amounts"": 1, ""products"": ""Tarjeta Crédito""}",consulta_general,Transaccional,Google STT,High,132.0
TRS-BF878K2CNIUHXQRX964X,INT-WNTBNAH1K6ILFTM9,2026-06-10,CLI-FGOYAESPLP8E,AGT-GBHL3XZPKH,"Cliente: Hola, buenos días. Quisiera saber cuál es mi saldo actual en mi cuenta de ahorros.

Agente: Buenos días, con gusto le ayudo. Permítame un momento para verificar su saldo. Su saldo actual es de {monto} {moneda}.","Hola, buenos días. Quisiera saber cuál es mi saldo actual en mi cuenta de ahorros.","Buenos días, con gusto le ayudo. Permítame un momento para verificar su saldo. Su saldo actual es de {monto} {moneda}.",es,colombian,0.78,"cuenta, servicio, banco","{""account_numbers"": 0, ""dates"": 0, ""amounts"": 2, ""products"": ""Tarjeta Crédito""}",consulta_general,Transaccional,Whisper v3,High,319.0
TRS-P3BB86TPO9YASA4HMPCF,INT-QFGDZGJMY2M3KPRH,2026-06-10,CLI-MANLQNMWN1AS,AGT-F19RDFACNQ,"Cliente: Buenas tardes, necesito consultar el saldo de mi tarjeta de crédito.

Agente: Buenas tardes, claro que sí. Déjeme revisar esa información. Su saldo actual es {monto} {moneda} y su límite disponible es de {limite} {moneda}.","Buenas tardes, necesito consultar el saldo de mi tarjeta de crédito.","Buenas tardes, claro que sí. Déjeme revisar esa información. Su saldo actual es {monto} {moneda} y su límite disponible es de {limite} {moneda}.",es,mexican,0.81,"banco, cuenta","{""account_numbers"": 0, ""dates"": 0, ""amounts"": 2, ""products"": null}",consulta_general,Transaccional,Whisper v3,High,237.0
TRS-8GN4EDHSZ16JN8CO9DGD,INT-6G6NUJP80V546L6A,2026-06-10,CLI-00MSPPFDGXP9,AGT-1ASM7PTCSR,"Cliente: Hola, buenos días. Quisiera saber cuál es mi saldo actual en mi cuenta de ahorros.

Agente: Buenos días, con gusto le ayudo. Permítame un momento para verificar su saldo. Su saldo actual es de {monto} {moneda}.

Cliente: Muy bien, ¿hay algo más que deba saber?

Agente: No hay problema, que tenga buen día.","Hola, buenos días. Quisiera saber cuál es mi saldo actual en mi cuenta de ahorros. Muy bien, ¿hay algo más que deba saber?","Buenos días, con gusto le ayudo. Permítame un momento para verificar su saldo. Su saldo actual es de {monto} {moneda}. No hay problema, que tenga buen día.",es,argentine,0.85,"cuenta, banco","{""account_numbers"": 2, ""dates"": 0, ""amounts"": 0, ""products"": ""Tarjeta Crédito""}",consulta_general,Producto,Azure Speech,High,386.0
TRS-NX9NYBZHEH4H478IR30O,INT-B9LZR0XLIUXOGLZ4,2026-06-10,CLI-UXZBWLDYUUBT,AGT-ECV5AJ8IMB,"Cliente: Hola, buenos días. Quisiera saber cuál es mi saldo actual en mi cuenta de ahorros.

Agente: Buenos días, con gusto le ayudo. Permítame un momento para verificar su saldo. Su saldo actual es de {monto} {moneda}.","Hola, buenos días. Quisiera saber cuál es mi saldo actual en mi cuenta de ahorros.","Buenos días, con gusto le ayudo. Permítame un momento para verificar su saldo. Su saldo actual es de {monto} {moneda}.",es,mexican,0.95,"servicio, cuenta","{""account_numbers"": 0, ""dates"": 0, ""amounts"": 0, ""products"": ""Tarjeta Crédito""}",consulta_general,Comercial,AWS Transcribe,Low,
TRS-MW6G69JB0Y9O85U2E3KO,INT-IU6DOYCQFHI1YQC7,2026-06-10,CLI-SG5UZJ4G1A0H,AGT-FA9EKIAVXG,"Cliente: Hola, buenos días. Quisiera saber cuál es mi saldo actual en mi cuenta de ahorros.

Agente: Buenos días, con gusto le ayudo. Permítame un momento para verificar su saldo. Su saldo actual es de {monto} {moneda}.","Hola, buenos días. Quisiera saber cuál es mi saldo actual en mi cuenta de ahorros.","Buenos días, con gusto le ayudo. Permítame un momento para verificar su saldo. Su saldo actual es de {monto} {moneda}.",es,,0.97,"servicio, cuenta, banco","{""account_numbers"": 1, ""dates"": 1, ""amounts"": 0, ""products"": ""Cuenta Ahorro""}",,Transaccional,Azure Speech,High,204.0
TRS-I683KRUNEX1DET1ZQ3IF,INT-A4QIGF67R0PCAYB2,2026-06-10,CLI-PPXELWUTWT8M,AGT-FRAJBL87DS,"Cliente: Buenas tardes, necesito consultar el saldo de mi tarjeta de crédito.

Agente: Buenas tardes, claro que sí. Déjeme revisar esa información. Su saldo actual es {monto} {moneda} y su límite disponible es de {limite} {moneda}.

Cliente: Perfecto, eso es lo que necesitaba.

Agente: Perfecto, ¿necesita algo más?

Cliente: Muy bien, ¿hay algo más que deba saber?

Agente: Con gusto. ¿Hay algo más en lo que pueda ayudarle?","Buenas tardes, necesito consultar el saldo de mi tarjeta de crédito. Perfecto, eso es lo que necesitaba. Muy bien, ¿hay algo más que deba saber?","Buenas tardes, claro que sí. Déjeme revisar esa información. Su saldo actual es {monto} {moneda} y su límite disponible es de {limite} {moneda}. Perfecto, ¿necesita algo más? Con gusto. ¿Hay algo más en lo que pueda ayudarle?",es,mexican,0.85,"servicio, cuenta","{""account_numbers"": 2, ""dates"": 1, ""amounts"": 0, ""products"": null}",consulta_general,Transaccional,AWS Transcribe,High,
TRS-5VYSD02VB84216ZRJ2YO,INT-I5D25BGVZBV1KA90,2026-06-10,CLI-1MNY7LAJA6JX,AGT-R34ROKZW06,"Cliente: Buenas tardes, necesito consultar el saldo de mi tarjeta de crédito.

Agente: Buenas tardes, claro que sí. Déjeme revisar esa información. Su saldo actual es {monto} {moneda} y su límite disponible es de {limite} {moneda}.

Cliente: ¿Y eso cuánto tiempo tarda?

Agente: Perfecto, ¿necesita algo más?

Cliente: Entiendo, muchas gracias.

Agente: No hay problema, que tenga buen día.","Buenas tardes, necesito consultar el saldo de mi tarjeta de crédito. ¿Y eso cuánto tiempo tarda? Entiendo, muchas gracias.","Buenas tardes, claro que sí. Déjeme revisar esa información. Su saldo actual es {monto} {moneda} y su límite disponible es de {limite} {moneda}. Perfecto, ¿necesita algo más? No hay problema, que tenga buen día.",es,,0.92,"servicio, cuenta, banco","{""account_numbers"": 2, ""dates"": 1, ""amounts"": 1, ""products"": ""Tarjeta Crédito""}",consulta_general,Transaccional,Azure Speech,High,256.0
TRS-DEHP6WLG1HJ3FHS50BB7,INT-ERBNI7SPF2T3R1XX,2026-06-10,CLI-5I99ZBXO4MFL,AGT-QL32ARQUQL,"Cliente: Hola, buenos días. Quisiera saber cuál es mi saldo actual en mi cuenta de ahorros.

Agente: Buenos días, con gusto le ayudo. Permítame un momento para verificar su saldo. Su saldo actual es de {monto} {moneda}.

Cliente: Entiendo, muchas gracias.

Agente: No hay problema, que tenga buen día.","Hola, buenos días. Quisiera saber cuál es mi saldo actual en mi cuenta de ahorros. Entiendo, muchas gracias.","Buenos días, con gusto le ayudo. Permítame un momento para verificar su saldo. Su saldo actual es de {monto} {moneda}. No hay problema, que tenga buen día.",es,colombian,0.77,"servicio, cuenta, banco","{""account_numbers"": 1, ""dates"": 1, ""amounts"": 0, ""products"": null}",consulta_general,Transaccional,Google STT,High,
TRS-6DJ62DHJUMR50K6M2R30,INT-JAEAQQTQ0746PO9U,2026-06-10,CLI-ORU3D811RQ0B,AGT-DELTRDO2X7,"Cliente: Hola, buenos días. Quisiera saber cuál es mi saldo actual en mi cuenta de ahorros.

Agente: Buenos días, con gusto le ayudo. Permítame un momento para verificar su saldo. Su saldo actual es de {monto} {moneda}.","Hola, buenos días. Quisiera saber cuál es mi saldo actual en mi cuenta de ahorros.","Buenos días, con gusto le ayudo. Permítame un momento para verificar su saldo. Su saldo actual es de {monto} {moneda}.",es,mexican,0.92,"servicio, cuenta, banco","{""account_numbers"": 2, ""dates"": 1, ""amounts"": 0, ""products"": ""Tarjeta Crédito""}",consulta_general,Técnico,AWS Transcribe,High,186.0
TRS-IW5KTBOXWXA6TWS0AQ88,INT-K3R3C54X62NLMPC1,2026-06-10,CLI-7EO1748O2BZY,AGT-DJ2LBQOGP3,"Cliente: Buenas tardes, necesito consultar el saldo de mi tarjeta de crédito.

Agente: Buenas tardes, claro que sí. Déjeme revisar esa información. Su saldo actual es {monto} {moneda} y su límite disponible es de {limite} {moneda}.","Buenas tardes, necesito consultar el saldo de mi tarjeta de crédito.","Buenas tardes, claro que sí. Déjeme revisar esa información. Su saldo actual es {monto} {moneda} y su límite disponible es de {limite} {moneda}.",es,mexican,0.96,"banco, cuenta",,consulta_general,Producto,Whisper v3,High,305.0
TRS-EMOUWQO77O07MPL3L7X3,INT-UI0OIC3RKWJXOPF9,2026-06-10,CLI-N4JI085OQ4T0,AGT-78M53XONMR,"Cliente: Hola, buenos días. Quisiera saber cuál es mi saldo actual en mi cuenta de ahorros.

Agente: Buenos días, con gusto le ayudo. Permítame un momento para verificar su saldo. Su saldo actual es de {monto} {moneda}.

Cliente: Perfecto, eso es lo que necesitaba.

Agente: Claro, estoy para servirle.","Hola, buenos días. Quisiera saber cuál es mi saldo actual en mi cuenta de ahorros. Perfecto, eso es lo que necesitaba.","Buenos días, con gusto le ayudo. Permítame un momento para verificar su saldo. Su saldo actual es de {monto} {moneda}. Claro, estoy para servirle.",es,colombian,0.91,"cuenta, banco, servicio",,consulta_general,Queja,Whisper v3,Medium,483.0
TRS-XDE4OT297Q7UPR0CB5W4,INT-6IHHLATVCSL3S5IF,2026-06-10,CLI-RAZTJ8T2OZ2H,AGT-4BMBYKYFDX,"Cliente: Buenas tardes, necesito consultar el saldo de mi tarjeta de crédito.

Agente: Buenas tardes, claro que sí. Déjeme revisar esa información. Su saldo actual es {monto} {moneda} y su límite disponible es de {limite} {moneda}.","Buenas tardes, necesito consultar el saldo de mi tarjeta de crédito.","Buenas tardes, claro que sí. Déjeme revisar esa información. Su saldo actual es {monto} {moneda} y su límite disponible es de {limite} {moneda}.",es,,0.76,"servicio, cuenta","{""account_numbers"": 1, ""dates"": 1, ""amounts"": 2, ""products"": ""Cuenta Ahorro""}",consulta_general,Transaccional,AWS Transcribe,High,214.0
TRS-143EYN2FFAMXHEHKVQDX,INT-C2ZFIXWJELJ7BVEI,2026-06-10,CLI-JRPZFRPLB01U,AGT-7UKL3VB0OR,"Cliente: Hola, buenos días. Quisiera saber cuál es mi saldo actual en mi cuenta de ahorros.

Agente: Buenos días, con gusto le ayudo. Permítame un momento para verificar su saldo. Su saldo actual es de {monto} {moneda}.

Cliente: Entiendo, muchas gracias.

Agente: Claro, estoy para servirle.","Hola, buenos días. Quisiera saber cuál es mi saldo actual en mi cuenta de ahorros. Entiendo, muchas gracias.","Buenos días, con gusto le ayudo. Permítame un momento para verificar su saldo. Su saldo actual es de {monto} {moneda}. Claro, estoy para servirle.",es,mexican,0.79,"banco, servicio, cuenta","{""account_numbers"": 1, ""dates"": 0, ""amounts"": 1, ""products"": null}",,Técnico,Azure Speech,Medium,305.0
TRS-1ITCZ7OCW5B9TLGIRORF,INT-CW1RF26FFYVPVZ4T,2026-06-10,CLI-66DLIL0NQ37I,AGT-H600EXWVP2,"Cliente: Hola, buenos días. Quisiera saber cuál es mi saldo actual en mi cuenta de ahorros.

Agente: Buenos días, con gusto le ayudo. Permítame un momento para verificar su saldo. Su saldo actual es de {monto} {moneda}.","Hola, buenos días. Quisiera saber cuál es mi saldo actual en mi cuenta de ahorros.","Buenos días, con gusto le ayudo. Permítame un momento para verificar su saldo. Su saldo actual es de {monto} {moneda}.",es,argentine,0.84,"banco, servicio, cuenta","{""account_numbers"": 0, ""dates"": 1, ""amounts"": 2, ""products"": null}",consulta_general,Transaccional,AWS Transcribe,High,206.0
TRS-FZGTDKVQJPSLPVKJ8XBK,INT-ETYEVZWJQ7MOEF21,2026-06-10,CLI-C5KBLWVDR41Z,AGT-9FZV5Z7FAG,"Cliente: Hola, buenos días. Quisiera saber cuál es mi saldo actual en mi cuenta de ahorros.

Agente: Buenos días, con gusto le ayudo. Permítame un momento para verificar su saldo. Su saldo actual es de {monto} {moneda}.","Hola, buenos días. Quisiera saber cuál es mi saldo actual en mi cuenta de ahorros.","Buenos días, con gusto le ayudo. Permítame un momento para verificar su saldo. Su saldo actual es de {monto} {moneda}.",es,argentine,0.76,"banco, cuenta","{""account_numbers"": 0, ""dates"": 1, ""amounts"": 2, ""products"": ""Tarjeta Crédito""}",consulta_general,Transaccional,Whisper v3,High,271.0
TRS-654XEQNHCYPGZEM11ALP,INT-WDM8UU7OW6WQVE3U,2026-06-10,CLI-IM8SKCZOO3H6,AGT-VBNZ1407P0,"Cliente: Buenas tardes, necesito consultar el saldo de mi tarjeta de crédito.

Agente: Buenas tardes, claro que sí. Déjeme revisar esa información. Su saldo actual es {monto} {moneda} y su límite disponible es de {limite} {moneda}.","Buenas tardes, necesito consultar el saldo de mi tarjeta de crédito.","Buenas tardes, claro que sí. Déjeme revisar esa información. Su saldo actual es {monto} {moneda} y su límite disponible es de {limite} {moneda}.",es,mexican,0.82,"servicio, cuenta","{""account_numbers"": 2, ""dates"": 1, ""amounts"": 2, ""products"": ""Tarjeta Crédito""}",consulta_general,Retención,Whisper v3,High,494.0
TRS-710UK7IEIY2KS30P2Z8L,INT-KTY5CAAEDU5ER6AD,2026-06-10,CLI-KOJY70RNLNT1,AGT-83LR6Q5GXW,"Cliente: Hola, buenos días. Quisiera saber cuál es mi saldo actual en mi cuenta de ahorros.

Agente: Buenos días, con gusto le ayudo. Permítame un momento para verificar su saldo. Su saldo actual es de {monto} {moneda}.

Cliente: Perfecto, eso es lo que necesitaba.

Agente: Perfecto, ¿necesita algo más?","Hola, buenos días. Quisiera saber cuál es mi saldo actual en mi cuenta de ahorros. Perfecto, eso es lo que necesitaba.","Buenos días, con gusto le ayudo. Permítame un momento para verificar su saldo. Su saldo actual es de {monto} {moneda}. Perfecto, ¿necesita algo más?",es,,0.85,"servicio, cuenta, banco","{""account_numbers"": 2, ""dates"": 0, ""amounts"": 0, ""products"": null}",consulta_general,Técnico,Azure Speech,High,466.0
TRS-NICKJW8HQ7H2XXXTTE1E,INT-CU5PTD0WC9VIXUW5,2026-06-10,CLI-70KMYFX9USMT,AGT-IA36860J9Z,"Cliente: Buenas tardes, necesito consultar el saldo de mi tarjeta de crédito.

Agente: Buenas tardes, claro que sí. Déjeme revisar esa información. Su saldo actual es {monto} {moneda} y su límite disponible es de {limite} {moneda}.","Buenas tardes, necesito consultar el saldo de mi tarjeta de crédito.","Buenas tardes, claro que sí. Déjeme revisar esa información. Su saldo actual es {monto} {moneda} y su límite disponible es de {limite} {moneda}.",es,,0.84,"banco, cuenta",,consulta_general,Transaccional,AWS Transcribe,High,135.0
TRS-TNJBSD3SEZWUOND8FM6I,INT-DP0B0AM20BYOR61S,2026-06-10,CLI-5GHY45IXQMQI,AGT-MG70CMDJPJ,"Cliente: Hola, buenos días. Quisiera saber cuál es mi saldo actual en mi cuenta de ahorros.

Agente: Buenos días, con gusto le ayudo. Permítame un momento para verificar su saldo. Su saldo actual es de {monto} {moneda}.","Hola, buenos días. Quisiera saber cuál es mi saldo actual en mi cuenta de ahorros.","Buenos días, con gusto le ayudo. Permítame un momento para verificar su saldo. Su saldo actual es de {monto} {moneda}.",es,,0.78,"banco, cuenta","{""account_numbers"": 1, ""dates"": 1, ""amounts"": 2, ""products"": ""Cuenta Ahorro""}",,Producto,Azure Speech,High,188.0
TRS-AYBRW438ECWKFLEHKWO0,INT-8436FP4OVKFSVXIF,2026-06-10,CLI-GPW29VDKKM73,AGT-E7F95ZYZZ5,"Cliente: Buenas tardes, necesito consultar el saldo de mi tarjeta de crédito.

Agente: Buenas tardes, claro que sí. Déjeme revisar esa información. Su saldo actual es {monto} {moneda} y su límite disponible es de {limite} {moneda}.

Cliente: Entiendo, muchas gracias.

Agente: Perfecto, ¿necesita algo más?

Cliente: Entiendo, muchas gracias.

Agente: No hay problema, que tenga buen día.","Buenas tardes, necesito consultar el saldo de mi tarjeta de crédito. Entiendo, muchas gracias. Entiendo, muchas gracias.","Buenas tardes, claro que sí. Déjeme revisar esa información. Su saldo actual es {monto} {moneda} y su límite disponible es de {limite} {moneda}. Perfecto, ¿necesita algo más? No hay problema, que tenga buen día.",es,colombian,0.76,"servicio, banco, cuenta","{""account_numbers"": 0, ""dates"": 1, ""amounts"": 0, ""products"": null}",consulta_general,Producto,Azure Speech,Medium,263.0
TRS-KJVKTG9PPQTQXUHHR1ZC,INT-GONVCV6HGPKSAYSF,2026-06-10,CLI-SQHXKLACTPT3,AGT-AQSH0YRHNO,"Cliente: Buenas tardes, necesito consultar el saldo de mi tarjeta de crédito.

Agente: Buenas tardes, claro que sí. Déjeme revisar esa información. Su saldo actual es {monto} {moneda} y su límite disponible es de {limite} {moneda}.","Buenas tardes, necesito consultar el saldo de mi tarjeta de crédito.","Buenas tardes, claro que sí. Déjeme revisar esa información. Su saldo actual es {monto} {moneda} y su límite disponible es de {limite} {moneda}.",es,mexican,0.76,"cuenta, banco, servicio","{""account_numbers"": 2, ""dates"": 1, ""amounts"": 1, ""products"": ""Tarjeta Crédito""}",consulta_general,Producto,Google STT,High,285.0
TRS-3DYZ38A795VUV52XUH5T,INT-14AJITMI7UE7OY8Z,2026-06-10,CLI-HQPPRVZCK95T,AGT-XN0ST1JQ9M,"Cliente: Buenas tardes, necesito consultar el saldo de mi tarjeta de crédito.

Agente: Buenas tardes, claro que sí. Déjeme revisar esa información. Su saldo actual es {monto} {moneda} y su límite disponible es de {limite} {moneda}.","Buenas tardes, necesito consultar el saldo de mi tarjeta de crédito.","Buenas tardes, claro que sí. Déjeme revisar esa información. Su saldo actual es {monto} {moneda} y su límite disponible es de {limite} {moneda}.",es,mexican,0.96,"banco, cuenta, servicio","{""account_numbers"": 1, ""dates"": 0, ""amounts"": 0, ""products"": ""Cuenta Ahorro""}",,Producto,Google STT,High,107.0
TRS-HFQ4EDS1EMDJCOY2ULBH,INT-156ERJP0QZJ5C6NU,2026-06-10,CLI-BI6EK6PXU0MJ,AGT-2NVH86ET7M,"Cliente: Hola, buenos días. Quisiera saber cuál es mi saldo actual en mi cuenta de ahorros.

Agente: Buenos días, con gusto le ayudo. Permítame un momento para verificar su saldo. Su saldo actual es de {monto} {moneda}.

Cliente: Perfecto, eso es lo que necesitaba.

Agente: Claro, estoy para servirle.

Cliente: Perfecto, eso es lo que necesitaba.

Agente: Perfecto, ¿necesita algo más?","Hola, buenos días. Quisiera saber cuál es mi saldo actual en mi cuenta de ahorros. Perfecto, eso es lo que necesitaba. Perfecto, eso es lo que necesitaba.","Buenos días, con gusto le ayudo. Permítame un momento para verificar su saldo. Su saldo actual es de {monto} {moneda}. Claro, estoy para servirle. Perfecto, ¿necesita algo más?",es,,0.83,"servicio, cuenta, banco","{""account_numbers"": 1, ""dates"": 0, ""amounts"": 0, ""products"": ""Cuenta Ahorro""}",consulta_general,Comercial,Google STT,High,878.0
TRS-DI7MPQF7FDA651XB5AHI,INT-ZNVWK7MWNRDWEIMT,2026-06-10,CLI-LVNBNZUNNNAP,AGT-RVAZ2ERIA8,"Cliente: Buenas tardes, necesito consultar el saldo de mi tarjeta de crédito.

Agente: Buenas tardes, claro que sí. Déjeme revisar esa información. Su saldo actual es {monto} {moneda} y su límite disponible es de {limite} {moneda}.","Buenas tardes, necesito consultar el saldo de mi tarjeta de crédito.","Buenas tardes, claro que sí. Déjeme revisar esa información. Su saldo actual es {monto} {moneda} y su límite disponible es de {limite} {moneda}.",es,,,"cuenta, banco, servicio","{""account_numbers"": 2, ""dates"": 0, ""amounts"": 1, ""products"": ""Tarjeta Crédito""}",consulta_general,Producto,Azure Speech,High,335.0
TRS-2UFC7CPKPG0XR5XWICN9,INT-6U7EC9QPRSMV2X4P,2026-06-10,CLI-50C4XPKKNIP6,AGT-XX6WSQ2E5P,"Cliente: Hola, buenos días. Quisiera saber cuál es mi saldo actual en mi cuenta de ahorros.

Agente: Buenos días, con gusto le ayudo. Permítame un momento para verificar su saldo. Su saldo actual es de {monto} {moneda}.

Cliente: Muy bien, ¿hay algo más que deba saber?

Agente: No hay problema, que tenga buen día.

Cliente: Perfecto, eso es lo que necesitaba.

Agente: Con gusto. ¿Hay algo más en lo que pueda ayudarle?","Hola, buenos días. Quisiera saber cuál es mi saldo actual en mi cuenta de ahorros. Muy bien, ¿hay algo más que deba saber? Perfecto, eso es lo que necesitaba.","Buenos días, con gusto le ayudo. Permítame un momento para verificar su saldo. Su saldo actual es de {monto} {moneda}. No hay problema, que tenga buen día. Con gusto. ¿Hay algo más en lo que pueda ayudarle?",es,mexican,0.98,"cuenta, servicio","{""account_numbers"": 2, ""dates"": 0, ""amounts"": 2, ""products"": null}",consulta_general,Técnico,Azure Speech,High,321.0
TRS-RXPGXTW5TBDTZFTAX2ZU,INT-QSGBKZ84PEFFT6E6,2026-06-10,CLI-3YPM8R2B52LW,AGT-WRFG8F6YNC,"Cliente: Buenas tardes, necesito consultar el saldo de mi tarjeta de crédito.

Agente: Buenas tardes, claro que sí. Déjeme revisar esa información. Su saldo actual es {monto} {moneda} y su límite disponible es de {limite} {moneda}.","Buenas tardes, necesito consultar el saldo de mi tarjeta de crédito.","Buenas tardes, claro que sí. Déjeme revisar esa información. Su saldo actual es {monto} {moneda} y su límite disponible es de {limite} {moneda}.",es,,0.92,"servicio, cuenta, banco","{""account_numbers"": 2, ""dates"": 1, ""amounts"": 1, ""products"": null}",consulta_general,Queja,AWS Transcribe,High,
TRS-3M5HN565ZAGAU0FDWQZN,INT-X709QIDVH9U9TL3G,2026-06-10,CLI-QKF91DLLK7AM,AGT-7NUDMBA6I3,"Cliente: Buenas tardes, necesito consultar el saldo de mi tarjeta de crédito.

Agente: Buenas tardes, claro que sí. Déjeme revisar esa información. Su saldo actual es {monto} {moneda} y su límite disponible es de {limite} {moneda}.","Buenas tardes, necesito consultar el saldo de mi tarjeta de crédito.","Buenas tardes, claro que sí. Déjeme revisar esa información. Su saldo actual es {monto} {moneda} y su límite disponible es de {limite} {moneda}.",es,colombian,0.87,"banco, cuenta",,consulta_general,Técnico,Google STT,Medium,441.0
TRS-8VT8A7AZF1FG43Q46WWH,INT-KJTJ1KIOBWK9CM3F,2026-06-10,CLI-IS6GHMQMZD2Q,AGT-F46PV6WU87,"Cliente: Hola, buenos días. Quisiera saber cuál es mi saldo actual en mi cuenta de ahorros.

Agente: Buenos días, con gusto le ayudo. Permítame un momento para verificar su saldo. Su saldo actual es de {monto} {moneda}.

Cliente: Muy bien, ¿hay algo más que deba saber?

Agente: Con gusto. ¿Hay algo más en lo que pueda ayudarle?

Cliente: Muy bien, ¿hay algo más que deba saber?

Agente: Perfecto, ¿necesita algo más?","Hola, buenos días. Quisiera saber cuál es mi saldo actual en mi cuenta de ahorros. Muy bien, ¿hay algo más que deba saber? Muy bien, ¿hay algo más que deba saber?","Buenos días, con gusto le ayudo. Permítame un momento para verificar su saldo. Su saldo actual es de {monto} {moneda}. Con gusto. ¿Hay algo más en lo que pueda ayudarle? Perfecto, ¿necesita algo más?",es,,0.79,"banco, servicio","{""account_numbers"": 2, ""dates"": 0, ""amounts"": 1, ""products"": ""Cuenta Ahorro""}",consulta_general,Producto,Google STT,Medium,324.0
TRS-KSZQOGZU0VKMZGTIX444,INT-WLBJ0ZCBUSKJMMW1,2026-06-10,CLI-KDBF02HWXPA7,AGT-VTQJ9SJZEV,"Cliente: Hola, buenos días. Quisiera saber cuál es mi saldo actual en mi cuenta de ahorros.

Agente: Buenos días, con gusto le ayudo. Permítame un momento para verificar su saldo. Su saldo actual es de {monto} {moneda}.","Hola, buenos días. Quisiera saber cuál es mi saldo actual en mi cuenta de ahorros.","Buenos días, con gusto le ayudo. Permítame un momento para verificar su saldo. Su saldo actual es de {monto} {moneda}.",es,colombian,0.81,"cuenta, servicio, banco","{""account_numbers"": 1, ""dates"": 1, ""amounts"": 1, ""products"": null}",consulta_general,Queja,AWS Transcribe,High,236.0
TRS-Y56E4YZYUPMIGMMIYKBQ,INT-D84IVI2WZWGIFMM2,2026-06-10,CLI-PA427NB3KZYW,AGT-3BOF66WDWZ,"Cliente: Hola, buenos días. Quisiera saber cuál es mi saldo actual en mi cuenta de ahorros.

Agente: Buenos días, con gusto le ayudo. Permítame un momento para verificar su saldo. Su saldo actual es de {monto} {moneda}.

Cliente: Entiendo, muchas gracias.

Agente: No hay problema, que tenga buen día.","Hola, buenos días. Quisiera saber cuál es mi saldo actual en mi cuenta de ahorros. Entiendo, muchas gracias.","Buenos días, con gusto le ayudo. Permítame un momento para verificar su saldo. Su saldo actual es de {monto} {moneda}. No hay problema, que tenga buen día.",es,argentine,0.84,,"{""account_numbers"": 1, ""dates"": 0, ""amounts"": 0, ""products"": ""Cuenta Ahorro""}",consulta_general,Transaccional,AWS Transcribe,Medium,119.0
TRS-4P1NA3IR8WLKIB9Z6GWG,INT-FWGCAD3DEGZYKKX0,2026-06-10,CLI-GWMAZVHR95HJ,AGT-VM8IH2LFKP,"Cliente: Hola, buenos días. Quisiera saber cuál es mi saldo actual en mi cuenta de ahorros.

Agente: Buenos días, con gusto le ayudo. Permítame un momento para verificar su saldo. Su saldo actual es de {monto} {moneda}.","Hola, buenos días. Quisiera saber cuál es mi saldo actual en mi cuenta de ahorros.","Buenos días, con gusto le ayudo. Permítame un momento para verificar su saldo. Su saldo actual es de {monto} {moneda}.",es,,0.86,"servicio, cuenta, banco","{""account_numbers"": 0, ""dates"": 1, ""amounts"": 2, ""products"": ""Tarjeta Crédito""}",consulta_general,Transaccional,Azure Speech,Medium,154.0
TRS-0VKYGNQD6KTOU2G5T0XD,INT-5VG14L2WXO8DS7JX,2026-06-10,CLI-IK41WPRXIB8I,AGT-PC5ULV8S9U,"Cliente: Hola, buenos días. Quisiera saber cuál es mi saldo actual en mi cuenta de ahorros.

Agente: Buenos días, con gusto le ayudo. Permítame un momento para verificar su saldo. Su saldo actual es de {monto} {moneda}.","Hola, buenos días. Quisiera saber cuál es mi saldo actual en mi cuenta de ahorros.","Buenos días, con gusto le ayudo. Permítame un momento para verificar su saldo. Su saldo actual es de {monto} {moneda}.",es,argentine,0.97,"cuenta, banco, servicio","{""account_numbers"": 2, ""dates"": 0, ""amounts"": 2, ""products"": ""Cuenta Ahorro""}",consulta_general,Producto,Azure Speech,High,
TRS-K6L1GIN5FZOPNVS67A0N,INT-H0YTIXURGAVUM1DN,2026-06-10,CLI-I24DP3R6WTL3,AGT-ZF4Q739XEZ,"Cliente: Hola, buenos días. Quisiera saber cuál es mi saldo actual en mi cuenta de ahorros.

Agente: Buenos días, con gusto le ayudo. Permítame un momento para verificar su saldo. Su saldo actual es de {monto} {moneda}.

Cliente: Perfecto, eso es lo que necesitaba.

Agente: Claro, estoy para servirle.","Hola, buenos días. Quisiera saber cuál es mi saldo actual en mi cuenta de ahorros. Perfecto, eso es lo que necesitaba.","Buenos días, con gusto le ayudo. Permítame un momento para verificar su saldo. Su saldo actual es de {monto} {moneda}. Claro, estoy para servirle.",es,mexican,0.89,"banco, servicio, cuenta","{""account_numbers"": 2, ""dates"": 0, ""amounts"": 0, ""products"": ""Cuenta Ahorro""}",consulta_general,Transaccional,AWS Transcribe,High,584.0
TRS-2SYE87OKTFZYZ5ZYB34F,INT-1YW1M0CX655FZSXX,2026-06-10,CLI-JGY7APBJ7PGZ,AGT-6OR4WMM8YS,"Cliente: Buenas tardes, necesito consultar el saldo de mi tarjeta de crédito.

Agente: Buenas tardes, claro que sí. Déjeme revisar esa información. Su saldo actual es {monto} {moneda} y su límite disponible es de {limite} {moneda}.

Cliente: ¿Y eso cuánto tiempo tarda?

Agente: Perfecto, ¿necesita algo más?

Cliente: ¿Y eso cuánto tiempo tarda?

Agente: Perfecto, ¿necesita algo más?","Buenas tardes, necesito consultar el saldo de mi tarjeta de crédito. ¿Y eso cuánto tiempo tarda? ¿Y eso cuánto tiempo tarda?","Buenas tardes, claro que sí. Déjeme revisar esa información. Su saldo actual es {monto} {moneda} y su límite disponible es de {limite} {moneda}. Perfecto, ¿necesita algo más? Perfecto, ¿necesita algo más?",es,mexican,,"servicio, banco, cuenta","{""account_numbers"": 1, ""dates"": 1, ""amounts"": 1, ""products"": ""Cuenta Ahorro""}",consulta_general,Transaccional,Whisper v3,Medium,284.0
TRS-D0J63OZ7RB6GK022JV5A,INT-DN6IBMMOLM58KY44,2026-06-10,CLI-O0LQONP7AHVP,AGT-QO0HKV2FTI,"Cliente: Hola, buenos días. Quisiera saber cuál es mi saldo actual en mi cuenta de ahorros.

Agente: Buenos días, con gusto le ayudo. Permítame un momento para verificar su saldo. Su saldo actual es de {monto} {moneda}.

Cliente: Perfecto, eso es lo que necesitaba.

Agente: Perfecto, ¿necesita algo más?","Hola, buenos días. Quisiera saber cuál es mi saldo actual en mi cuenta de ahorros. Perfecto, eso es lo que necesitaba.","Buenos días, con gusto le ayudo. Permítame un momento para verificar su saldo. Su saldo actual es de {monto} {moneda}. Perfecto, ¿necesita algo más?",es,colombian,0.79,"banco, servicio, cuenta","{""account_numbers"": 1, ""dates"": 0, ""amounts"": 0, ""products"": ""Cuenta Ahorro""}",consulta_general,Transaccional,Whisper v3,Medium,
TRS-ID3DDGJCRY8R7C211B7D,INT-ECH2WVZFA0BSIYJQ,2026-06-10,CLI-R0KWWV2SRARL,AGT-R0HHTLH7NG,"Cliente: Hola, buenos días. Quisiera saber cuál es mi saldo actual en mi cuenta de ahorros.

Agente: Buenos días, con gusto le ayudo. Permítame un momento para verificar su saldo. Su saldo actual es de {monto} {moneda}.

Cliente: Perfecto, eso es lo que necesitaba.

Agente: No hay problema, que tenga buen día.

Cliente: ¿Y eso cuánto tiempo tarda?

Agente: No hay problema, que tenga buen día.","Hola, buenos días. Quisiera saber cuál es mi saldo actual en mi cuenta de ahorros. Perfecto, eso es lo que necesitaba. ¿Y eso cuánto tiempo tarda?","Buenos días, con gusto le ayudo. Permítame un momento para verificar su saldo. Su saldo actual es de {monto} {moneda}. No hay problema, que tenga buen día. No hay problema, que tenga buen día.",es,mexican,,"servicio, cuenta","{""account_numbers"": 2, ""dates"": 0, ""amounts"": 1, ""products"": null}",consulta_general,Producto,Azure Speech,Medium,69.0
TRS-F58CKFTYY189N010WWQA,INT-3YGGWXV85SCFOPE1,2026-06-10,CLI-IGR2HOEUQ6B9,AGT-NZLT43UWA8,"Cliente: Hola, buenos días. Quisiera saber cuál es mi saldo actual en mi cuenta de ahorros.

Agente: Buenos días, con gusto le ayudo. Permítame un momento para verificar su saldo. Su saldo actual es de {monto} {moneda}.","Hola, buenos días. Quisiera saber cuál es mi saldo actual en mi cuenta de ahorros.","Buenos días, con gusto le ayudo. Permítame un momento para verificar su saldo. Su saldo actual es de {monto} {moneda}.",es,,0.98,"cuenta, banco","{""account_numbers"": 0, ""dates"": 0, ""amounts"": 2, ""products"": ""Cuenta Ahorro""}",consulta_general,Queja,AWS Transcribe,Medium,415.0
TRS-NKUQU2IJ140A5FGAYW16,INT-R2DR5S96UCO1VWE5,2026-06-10,CLI-DD0EUZ1YAL24,AGT-ISFC80OYCB,"Cliente: Buenas tardes, necesito consultar el saldo de mi tarjeta de crédito.

Agente: Buenas tardes, claro que sí. Déjeme revisar esa información. Su saldo actual es {monto} {moneda} y su límite disponible es de {limite} {moneda}.","Buenas tardes, necesito consultar el saldo de mi tarjeta de crédito.","Buenas tardes, claro que sí. Déjeme revisar esa información. Su saldo actual es {monto} {moneda} y su límite disponible es de {limite} {moneda}.",es,,0.78,"servicio, banco, cuenta","{""account_numbers"": 2, ""dates"": 1, ""amounts"": 1, ""products"": null}",consulta_general,Queja,AWS Transcribe,Medium,
TRS-7RFQ45MQRMSC1WSQB8ON,INT-4HKKCICQ594TG9CE,2026-06-10,CLI-T5P67B0CPOCA,AGT-X775H4RLEY,"Cliente: Buenas tardes, necesito consultar el saldo de mi tarjeta de crédito.

Agente: Buenas tardes, claro que sí. Déjeme revisar esa información. Su saldo actual es {monto} {moneda} y su límite disponible es de {limite} {moneda}.","Buenas tardes, necesito consultar el saldo de mi tarjeta de crédito.","Buenas tardes, claro que sí. Déjeme revisar esa información. Su saldo actual es {monto} {moneda} y su límite disponible es de {limite} {moneda}.",es,argentine,0.85,"banco, cuenta, servicio",,consulta_general,Técnico,Whisper v3,Medium,464.0
TRS-54AXML31TGSIIMKTVWKU,INT-MQ09YP6EVO08TQ2B,2026-06-10,CLI-1CDIRB2AARB1,AGT-MSVN62RUC2,"Cliente: Buenas tardes, necesito consultar el saldo de mi tarjeta de crédito.

Agente: Buenas tardes, claro que sí. Déjeme revisar esa información. Su saldo actual es {monto} {moneda} y su límite disponible es de {limite} {moneda}.","Buenas tardes, necesito consultar el saldo de mi tarjeta de crédito.","Buenas tardes, claro que sí. Déjeme revisar esa información. Su saldo actual es {monto} {moneda} y su límite disponible es de {limite} {moneda}.",es,,0.77,"cuenta, servicio, banco","{""account_numbers"": 1, ""dates"": 0, ""amounts"": 0, ""products"": null}",consulta_general,Producto,Whisper v3,Low,214.0
TRS-9XTFKN1S2RQAYJ1M5PYE,INT-TT1PA9R8YSQYI5DS,2026-06-10,CLI-1GKO8F5F5LBC,AGT-CG3PF9BZHZ,"Cliente: Hola, buenos días. Quisiera saber cuál es mi saldo actual en mi cuenta de ahorros.

Agente: Buenos días, con gusto le ayudo. Permítame un momento para verificar su saldo. Su saldo actual es de {monto} {moneda}.

Cliente: Entiendo, muchas gracias.

Agente: No hay problema, que tenga buen día.

Cliente: Muy bien, ¿hay algo más que deba saber?

Agente: No hay problema, que tenga buen día.","Hola, buenos días. Quisiera saber cuál es mi saldo actual en mi cuenta de ahorros. Entiendo, muchas gracias. Muy bien, ¿hay algo más que deba saber?","Buenos días, con gusto le ayudo. Permítame un momento para verificar su saldo. Su saldo actual es de {monto} {moneda}. No hay problema, que tenga buen día. No hay problema, que tenga buen día.",es,colombian,0.87,"servicio, banco, cuenta","{""account_numbers"": 2, ""dates"": 1, ""amounts"": 1, ""products"": ""Cuenta Ahorro""}",consulta_general,Transaccional,Google STT,High,447.0
TRS-BLRVP2HKT44ITBJT2399,INT-ZDBC7Z6NAT2TPSUY,2026-06-10,CLI-FCYLSROAPJXC,AGT-L0XIIP9UA9,"Cliente: Buenas tardes, necesito consultar el saldo de mi tarjeta de crédito.

Agente: Buenas tardes, claro que sí. Déjeme revisar esa información. Su saldo actual es {monto} {moneda} y su límite disponible es de {limite} {moneda}.

Cliente: Muy bien, ¿hay algo más que deba saber?

Agente: Claro, estoy para servirle.

Cliente: Perfecto, eso es lo que necesitaba.

Agente: No hay problema, que tenga buen día.","Buenas tardes, necesito consultar el saldo de mi tarjeta de crédito. Muy bien, ¿hay algo más que deba saber? Perfecto, eso es lo que necesitaba.","Buenas tardes, claro que sí. Déjeme revisar esa información. Su saldo actual es {monto} {moneda} y su límite disponible es de {limite} {moneda}. Claro, estoy para servirle. No hay problema, que tenga buen día.",es,,0.95,"banco, cuenta","{""account_numbers"": 0, ""dates"": 0, ""amounts"": 1, ""products"": ""Tarjeta Crédito""}",consulta_general,Queja,Google STT,High,363.0
TRS-WFTJ8S9QZAUEAB6ULAB9,INT-8HM5COV95IMAV09Q,2026-06-10,CLI-PKPUP81B3E9B,AGT-N0G051WG35,"Cliente: Buenas tardes, necesito consultar el saldo de mi tarjeta de crédito.

Agente: Buenas tardes, claro que sí. Déjeme revisar esa información. Su saldo actual es {monto} {moneda} y su límite disponible es de {limite} {moneda}.","Buenas tardes, necesito consultar el saldo de mi tarjeta de crédito.","Buenas tardes, claro que sí. Déjeme revisar esa información. Su saldo actual es {monto} {moneda} y su límite disponible es de {limite} {moneda}.",es,argentine,0.84,"banco, cuenta, servicio","{""account_numbers"": 1, ""dates"": 0, ""amounts"": 0, ""products"": ""Tarjeta Crédito""}",,Técnico,AWS Transcribe,High,515.0
TRS-5QRS4R1ERYYPGKMJASH6,INT-WMT6SGEC54DY8SA6,2026-06-10,CLI-HEFU0O7HZ78C,AGT-799UGSN0G6,"Cliente: Buenas tardes, necesito consultar el saldo de mi tarjeta de crédito.

Agente: Buenas tardes, claro que sí. Déjeme revisar esa información. Su saldo actual es {monto} {moneda} y su límite disponible es de {limite} {moneda}.","Buenas tardes, necesito consultar el saldo de mi tarjeta de crédito.","Buenas tardes, claro que sí. Déjeme revisar esa información. Su saldo actual es {monto} {moneda} y su límite disponible es de {limite} {moneda}.",es,,0.97,"cuenta, banco, servicio","{""account_numbers"": 1, ""dates"": 1, ""amounts"": 1, ""products"": ""Tarjeta Crédito""}",consulta_general,Comercial,Azure Speech,High,770.0
TRS-84U5FQCLZL5B8BTEYPE1,INT-UHB2E7HJZR5UFTNW,2026-06-10,CLI-20JMNKKQ82N6,AGT-8FD0HKHTXZ,"Cliente: Hola, buenos días. Quisiera saber cuál es mi saldo actual en mi cuenta de ahorros.

Agente: Buenos días, con gusto le ayudo. Permítame un momento para verificar su saldo. Su saldo actual es de {monto} {moneda}.","Hola, buenos días. Quisiera saber cuál es mi saldo actual en mi cuenta de ahorros.","Buenos días, con gusto le ayudo. Permítame un momento para verificar su saldo. Su saldo actual es de {monto} {moneda}.",es,colombian,,"servicio, cuenta, banco","{""account_numbers"": 0, ""dates"": 0, ""amounts"": 2, ""products"": ""Cuenta Ahorro""}",,Comercial,Whisper v3,High,545.0
TRS-DUVVTP6Q77ZENUQKEPBI,INT-Y40J50N9B4SRO4JN,2026-06-10,CLI-Q57OUAUGP543,AGT-OE5G4M0EK0,"Cliente: Buenas tardes, necesito consultar el saldo de mi tarjeta de crédito.

Agente: Buenas tardes, claro que sí. Déjeme revisar esa información. Su saldo actual es {monto} {moneda} y su límite disponible es de {limite} {moneda}.

Cliente: Perfecto, eso es lo que necesitaba.

Agente: Perfecto, ¿necesita algo más?

Cliente: Muy bien, ¿hay algo más que deba saber?

Agente: No hay problema, que tenga buen día.","Buenas tardes, necesito consultar el saldo de mi tarjeta de crédito. Perfecto, eso es lo que necesitaba. Muy bien, ¿hay algo más que deba saber?","Buenas tardes, claro que sí. Déjeme revisar esa información. Su saldo actual es {monto} {moneda} y su límite disponible es de {limite} {moneda}. Perfecto, ¿necesita algo más? No hay problema, que tenga buen día.",es,argentine,0.83,"cuenta, servicio","{""account_numbers"": 0, ""dates"": 1, ""amounts"": 0, ""products"": ""Tarjeta Crédito""}",consulta_general,Transaccional,Google STT,High,110.0
TRS-L6OTUJAYTRJHWNONKD3K,INT-BJH2ZIMHQX8980S0,2026-06-10,CLI-KJQD9Z307VDW,AGT-MKZIRVRLBZ,"Cliente: Buenas tardes, necesito consultar el saldo de mi tarjeta de crédito.

Agente: Buenas tardes, claro que sí. Déjeme revisar esa información. Su saldo actual es {monto} {moneda} y su límite disponible es de {limite} {moneda}.","Buenas tardes, necesito consultar el saldo de mi tarjeta de crédito.","Buenas tardes, claro que sí. Déjeme revisar esa información. Su saldo actual es {monto} {moneda} y su límite disponible es de {limite} {moneda}.",es,,,"banco, servicio, cuenta","{""account_numbers"": 2, ""dates"": 1, ""amounts"": 0, ""products"": ""Tarjeta Crédito""}",consulta_general,Queja,Azure Speech,High,326.0
TRS-0SHE628QIE1WYKUCUNOT,INT-74CTUW9CH3FK49JN,2026-06-10,CLI-CHDLEU5F9CT5,AGT-EI5HV76G6F,"Cliente: Buenas tardes, necesito consultar el saldo de mi tarjeta de crédito.

Agente: Buenas tardes, claro que sí. Déjeme revisar esa información. Su saldo actual es {monto} {moneda} y su límite disponible es de {limite} {moneda}.","Buenas tardes, necesito consultar el saldo de mi tarjeta de crédito.","Buenas tardes, claro que sí. Déjeme revisar esa información. Su saldo actual es {monto} {moneda} y su límite disponible es de {limite} {moneda}.",es,mexican,0.78,"banco, servicio, cuenta","{""account_numbers"": 0, ""dates"": 0, ""amounts"": 2, ""products"": ""Cuenta Ahorro""}",consulta_general,Queja,Azure Speech,High,404.0
TRS-PCMQX4FPLJH5J75PX0CI,INT-A5HJIIAHJ59C6SFR,2026-06-10,CLI-MSCTX6KP51TQ,AGT-6XP3TGQ4QT,"Cliente: Hola, buenos días. Quisiera saber cuál es mi saldo actual en mi cuenta de ahorros.

Agente: Buenos días, con gusto le ayudo. Permítame un momento para verificar su saldo. Su saldo actual es de {monto} {moneda}.

Cliente: Entiendo, muchas gracias.

Agente: Claro, estoy para servirle.

Cliente: ¿Y eso cuánto tiempo tarda?

Agente: Perfecto, ¿necesita algo más?","Hola, buenos días. Quisiera saber cuál es mi saldo actual en mi cuenta de ahorros. Entiendo, muchas gracias. ¿Y eso cuánto tiempo tarda?","Buenos días, con gusto le ayudo. Permítame un momento para verificar su saldo. Su saldo actual es de {monto} {moneda}. Claro, estoy para servirle. Perfecto, ¿necesita algo más?",es,,0.84,"cuenta, servicio, banco","{""account_numbers"": 1, ""dates"": 1, ""amounts"": 2, ""products"": ""Tarjeta Crédito""}",consulta_general,Técnico,AWS Transcribe,High,294.0
TRS-OZILZ6AL6WBAGRQR22BK,INT-C8DNLDF197T0ZWX7,2026-06-10,CLI-I5P1YRAUME7I,AGT-XN0ST1JQ9M,"Cliente: Hola, buenos días. Quisiera saber cuál es mi saldo actual en mi cuenta de ahorros.

Agente: Buenos días, con gusto le ayudo. Permítame un momento para verificar su saldo. Su saldo actual es de {monto} {moneda}.","Hola, buenos días. Quisiera saber cuál es mi saldo actual en mi cuenta de ahorros.","Buenos días, con gusto le ayudo. Permítame un momento para verificar su saldo. Su saldo actual es de {monto} {moneda}.",es,colombian,0.87,"banco, cuenta","{""account_numbers"": 2, ""dates"": 1, ""amounts"": 0, ""products"": ""Cuenta Ahorro""}",consulta_general,Queja,Google STT,Medium,444.0
TRS-EYO6U068LXU4SRKP6Y7V,INT-YQCAYTM3Z2HN1PI7,2026-06-10,CLI-33E2PQKUS9QM,AGT-RZPZ4QXWMO,"Cliente: Hola, buenos días. Quisiera saber cuál es mi saldo actual en mi cuenta de ahorros.

Agente: Buenos días, con gusto le ayudo. Permítame un momento para verificar su saldo. Su saldo actual es de {monto} {moneda}.

Cliente: Entiendo, muchas gracias.

Agente: Con gusto. ¿Hay algo más en lo que pueda ayudarle?","Hola, buenos días. Quisiera saber cuál es mi saldo actual en mi cuenta de ahorros. Entiendo, muchas gracias.","Buenos días, con gusto le ayudo. Permítame un momento para verificar su saldo. Su saldo actual es de {monto} {moneda}. Con gusto. ¿Hay algo más en lo que pueda ayudarle?",es,mexican,0.88,"cuenta, banco, servicio","{""account_numbers"": 1, ""dates"": 1, ""amounts"": 2, ""products"": ""Cuenta Ahorro""}",consulta_general,Producto,Azure Speech,Low,263.0
TRS-1ORXIN5LQJFMDB2VZYGQ,INT-LL22HQLBVIAZ8J2Y,2026-06-10,CLI-XG749Y1AJW8V,AGT-HGVZ3WILY5,"Cliente: Buenas tardes, necesito consultar el saldo de mi tarjeta de crédito.

Agente: Buenas tardes, claro que sí. Déjeme revisar esa información. Su saldo actual es {monto} {moneda} y su límite disponible es de {limite} {moneda}.

Cliente: Perfecto, eso es lo que necesitaba.

Agente: Con gusto. ¿Hay algo más en lo que pueda ayudarle?","Buenas tardes, necesito consultar el saldo de mi tarjeta de crédito. Perfecto, eso es lo que necesitaba.","Buenas tardes, claro que sí. Déjeme revisar esa información. Su saldo actual es {monto} {moneda} y su límite disponible es de {limite} {moneda}. Con gusto. ¿Hay algo más en lo que pueda ayudarle?",es,,,"banco, cuenta","{""account_numbers"": 0, ""dates"": 0, ""amounts"": 1, ""products"": ""Cuenta Ahorro""}",consulta_general,Producto,Whisper v3,Medium,166.0
TRS-EYRJEQP4GY6HCNFG3GOU,INT-MBHWS33UP95D5MV6,2026-06-10,CLI-V1ED0SR1FJVE,AGT-EMSDKX98GM,"Cliente: Buenas tardes, necesito consultar el saldo de mi tarjeta de crédito.

Agente: Buenas tardes, claro que sí. Déjeme revisar esa información. Su saldo actual es {monto} {moneda} y su límite disponible es de {limite} {moneda}.

Cliente: Muy bien, ¿hay algo más que deba saber?

Agente: No hay problema, que tenga buen día.

Cliente: Perfecto, eso es lo que necesitaba.

Agente: Con gusto. ¿Hay algo más en lo que pueda ayudarle?","Buenas tardes, necesito consultar el saldo de mi tarjeta de crédito. Muy bien, ¿hay algo más que deba saber? Perfecto, eso es lo que necesitaba.","Buenas tardes, claro que sí. Déjeme revisar esa información. Su saldo actual es {monto} {moneda} y su límite disponible es de {limite} {moneda}. No hay problema, que tenga buen día. Con gusto. ¿Hay algo más en lo que pueda ayudarle?",es,,0.97,"servicio, banco","{""account_numbers"": 0, ""dates"": 1, ""amounts"": 2, ""products"": null}",consulta_general,Técnico,AWS Transcribe,High,351.0
TRS-RZ0X50X18F626H9A3LYG,INT-7J001DJ9A2N13RFB,2026-06-10,CLI-WG5C3MRH4CKX,AGT-U6IOVO18F3,"Cliente: Hola, buenos días. Quisiera saber cuál es mi saldo actual en mi cuenta de ahorros.

Agente: Buenos días, con gusto le ayudo. Permítame un momento para verificar su saldo. Su saldo actual es de {monto} {moneda}.

Cliente: Perfecto, eso es lo que necesitaba.

Agente: Perfecto, ¿necesita algo más?","Hola, buenos días. Quisiera saber cuál es mi saldo actual en mi cuenta de ahorros. Perfecto, eso es lo que necesitaba.","Buenos días, con gusto le ayudo. Permítame un momento para verificar su saldo. Su saldo actual es de {monto} {moneda}. Perfecto, ¿necesita algo más?",es,mexican,0.95,"banco, cuenta, servicio","{""account_numbers"": 1, ""dates"": 1, ""amounts"": 0, ""products"": ""Cuenta Ahorro""}",consulta_general,Técnico,Google STT,High,225.0
TRS-JG5IE8WYHPAML8YL21OK,INT-JAW8KQPP63GOVJ83,2026-06-10,CLI-MDUTIC82BYM2,AGT-MJV5NGFRQL,"Cliente: Buenas tardes, necesito consultar el saldo de mi tarjeta de crédito.

Agente: Buenas tardes, claro que sí. Déjeme revisar esa información. Su saldo actual es {monto} {moneda} y su límite disponible es de {limite} {moneda}.

Cliente: Entiendo, muchas gracias.

Agente: No hay problema, que tenga buen día.

Cliente: Entiendo, muchas gracias.

Agente: No hay problema, que tenga buen día.","Buenas tardes, necesito consultar el saldo de mi tarjeta de crédito. Entiendo, muchas gracias. Entiendo, muchas gracias.","Buenas tardes, claro que sí. Déjeme revisar esa información. Su saldo actual es {monto} {moneda} y su límite disponible es de {limite} {moneda}. No hay problema, que tenga buen día. No hay problema, que tenga buen día.",es,,0.83,"servicio, banco, cuenta","{""account_numbers"": 2, ""dates"": 0, ""amounts"": 1, ""products"": ""Cuenta Ahorro""}",consulta_general,Queja,Google STT,High,515.0
TRS-PEEM7EWQL1O74U1U5LMB,INT-N1DUICSU44G15MLO,2026-06-10,CLI-AI3Y4GAI67KC,AGT-HWATBOOPXF,"Cliente: Hola, buenos días. Quisiera saber cuál es mi saldo actual en mi cuenta de ahorros.

Agente: Buenos días, con gusto le ayudo. Permítame un momento para verificar su saldo. Su saldo actual es de {monto} {moneda}.

Cliente: ¿Y eso cuánto tiempo tarda?

Agente: No hay problema, que tenga buen día.

Cliente: Entiendo, muchas gracias.

Agente: Con gusto. ¿Hay algo más en lo que pueda ayudarle?","Hola, buenos días. Quisiera saber cuál es mi saldo actual en mi cuenta de ahorros. ¿Y eso cuánto tiempo tarda? Entiendo, muchas gracias.","Buenos días, con gusto le ayudo. Permítame un momento para verificar su saldo. Su saldo actual es de {monto} {moneda}. No hay problema, que tenga buen día. Con gusto. ¿Hay algo más en lo que pueda ayudarle?",es,,0.97,"servicio, cuenta, banco","{""account_numbers"": 2, ""dates"": 0, ""amounts"": 0, ""products"": ""Tarjeta Crédito""}",consulta_general,Transaccional,AWS Transcribe,Medium,133.0
TRS-Q2CFFHEZPM4QSBU719EL,INT-GGHA4CIH0T7NANES,2026-06-10,CLI-O3DTR26HZLA8,AGT-48C3QHNTB7,"Cliente: Buenas tardes, necesito consultar el saldo de mi tarjeta de crédito.

Agente: Buenas tardes, claro que sí. Déjeme revisar esa información. Su saldo actual es {monto} {moneda} y su límite disponible es de {limite} {moneda}.

Cliente: Perfecto, eso es lo que necesitaba.

Agente: Con gusto. ¿Hay algo más en lo que pueda ayudarle?","Buenas tardes, necesito consultar el saldo de mi tarjeta de crédito. Perfecto, eso es lo que necesitaba.","Buenas tardes, claro que sí. Déjeme revisar esa información. Su saldo actual es {monto} {moneda} y su límite disponible es de {limite} {moneda}. Con gusto. ¿Hay algo más en lo que pueda ayudarle?",es,mexican,0.81,"servicio, banco, cuenta","{""account_numbers"": 0, ""dates"": 0, ""amounts"": 0, ""products"": ""Tarjeta Crédito""}",consulta_general,Transaccional,Azure Speech,High,232.0
TRS-ERDSYPGQVJRXE9YIJ86Y,INT-PYBWHRCT47V1T2F7,2026-06-10,CLI-1QQF8Q34AKQO,AGT-5UL7ZJRT6U,"Cliente: Buenas tardes, necesito consultar el saldo de mi tarjeta de crédito.

Agente: Buenas tardes, claro que sí. Déjeme revisar esa información. Su saldo actual es {monto} {moneda} y su límite disponible es de {limite} {moneda}.","Buenas tardes, necesito consultar el saldo de mi tarjeta de crédito.","Buenas tardes, claro que sí. Déjeme revisar esa información. Su saldo actual es {monto} {moneda} y su límite disponible es de {limite} {moneda}.",es,,0.78,"banco, cuenta","{""account_numbers"": 2, ""dates"": 1, ""amounts"": 0, ""products"": ""Cuenta Ahorro""}",consulta_general,Transaccional,Whisper v3,High,316.0
TRS-MKNGZ3Z9HG3HCUIBZQR3,INT-8KCDGQ0YHNUNB3LO,2026-06-10,CLI-VRSH5W8Z2HFM,AGT-ELSO6DC1OU,"Cliente: Hola, buenos días. Quisiera saber cuál es mi saldo actual en mi cuenta de ahorros.

Agente: Buenos días, con gusto le ayudo. Permítame un momento para verificar su saldo. Su saldo actual es de {monto} {moneda}.

Cliente: Perfecto, eso es lo que necesitaba.

Agente: Con gusto. ¿Hay algo más en lo que pueda ayudarle?","Hola, buenos días. Quisiera saber cuál es mi saldo actual en mi cuenta de ahorros. Perfecto, eso es lo que necesitaba.","Buenos días, con gusto le ayudo. Permítame un momento para verificar su saldo. Su saldo actual es de {monto} {moneda}. Con gusto. ¿Hay algo más en lo que pueda ayudarle?",es,,0.86,"cuenta, banco, servicio","{""account_numbers"": 0, ""dates"": 1, ""amounts"": 2, ""products"": null}",consulta_general,Técnico,Azure Speech,High,251.0
TRS-DTS1GKQZQX8B8PETUC9N,INT-HEJVEF94JKJYDI7A,2026-06-10,CLI-W0ZCWHV15XHT,AGT-VAGLG3O4LB,"Cliente: Hola, buenos días. Quisiera saber cuál es mi saldo actual en mi cuenta de ahorros.

Agente: Buenos días, con gusto le ayudo. Permítame un momento para verificar su saldo. Su saldo actual es de {monto} {moneda}.","Hola, buenos días. Quisiera saber cuál es mi saldo actual en mi cuenta de ahorros.","Buenos días, con gusto le ayudo. Permítame un momento para verificar su saldo. Su saldo actual es de {monto} {moneda}.",es,colombian,0.95,"banco, servicio","{""account_numbers"": 1, ""dates"": 1, ""amounts"": 1, ""products"": ""Cuenta Ahorro""}",consulta_general,Transaccional,Google STT,High,199.0
TRS-CPW8OTBRR8P5EYPSKFP1,INT-VMQOP70PN4Q29P40,2026-06-10,CLI-UQYBIJEU4KZ7,AGT-BH4XF8YM49,"Cliente: Buenas tardes, necesito consultar el saldo de mi tarjeta de crédito.

Agente: Buenas tardes, claro que sí. Déjeme revisar esa información. Su saldo actual es {monto} {moneda} y su límite disponible es de {limite} {moneda}.

Cliente: Muy bien, ¿hay algo más que deba saber?

Agente: Claro, estoy para servirle.

Cliente: Perfecto, eso es lo que necesitaba.

Agente: No hay problema, que tenga buen día.","Buenas tardes, necesito consultar el saldo de mi tarjeta de crédito. Muy bien, ¿hay algo más que deba saber? Perfecto, eso es lo que necesitaba.","Buenas tardes, claro que sí. Déjeme revisar esa información. Su saldo actual es {monto} {moneda} y su límite disponible es de {limite} {moneda}. Claro, estoy para servirle. No hay problema, que tenga buen día.",es,mexican,0.93,"cuenta, servicio, banco",,consulta_general,Transaccional,Azure Speech,High,199.0
TRS-7NS1IRD3L9IIP73JXJK1,INT-X6OMAAH7EIZV0ZWD,2026-06-10,CLI-PZOW6YZ186ZT,AGT-5JKM5LSJJK,"Cliente: Buenas tardes, necesito consultar el saldo de mi tarjeta de crédito.

Agente: Buenas tardes, claro que sí. Déjeme revisar esa información. Su saldo actual es {monto} {moneda} y su límite disponible es de {limite} {moneda}.

Cliente: Muy bien, ¿hay algo más que deba saber?

Agente: Perfecto, ¿necesita algo más?

Cliente: Perfecto, eso es lo que necesitaba.

Agente: Con gusto. ¿Hay algo más en lo que pueda ayudarle?","Buenas tardes, necesito consultar el saldo de mi tarjeta de crédito. Muy bien, ¿hay algo más que deba saber? Perfecto, eso es lo que necesitaba.","Buenas tardes, claro que sí. Déjeme revisar esa información. Su saldo actual es {monto} {moneda} y su límite disponible es de {limite} {moneda}. Perfecto, ¿necesita algo más? Con gusto. ¿Hay algo más en lo que pueda ayudarle?",es,mexican,0.83,"servicio, cuenta, banco","{""account_numbers"": 2, ""dates"": 1, ""amounts"": 0, ""products"": null}",consulta_general,Transaccional,AWS Transcribe,,169.0
TRS-K6SZVG604TME08ZBHCU4,INT-8UL8GMZ8EP5K1XDN,2026-06-10,CLI-VCMMOX7SP9ER,AGT-HVLXTQA5YL,"Cliente: Hola, buenos días. Quisiera saber cuál es mi saldo actual en mi cuenta de ahorros.

Agente: Buenos días, con gusto le ayudo. Permítame un momento para verificar su saldo. Su saldo actual es de {monto} {moneda}.

Cliente: ¿Y eso cuánto tiempo tarda?

Agente: Con gusto. ¿Hay algo más en lo que pueda ayudarle?","Hola, buenos días. Quisiera saber cuál es mi saldo actual en mi cuenta de ahorros. ¿Y eso cuánto tiempo tarda?","Buenos días, con gusto le ayudo. Permítame un momento para verificar su saldo. Su saldo actual es de {monto} {moneda}. Con gusto. ¿Hay algo más en lo que pueda ayudarle?",es,,0.95,"cuenta, banco, servicio","{""account_numbers"": 0, ""dates"": 1, ""amounts"": 1, ""products"": null}",,Transaccional,Azure Speech,High,
TRS-8R30PUNOSRRUUOTSJ9T0,INT-WGWGQBDAHID27JI5,2026-06-10,CLI-TID0ZAXI6AL5,AGT-I6R1T9IKUL,"Cliente: Buenas tardes, necesito consultar el saldo de mi tarjeta de crédito.

Agente: Buenas tardes, claro que sí. Déjeme revisar esa información. Su saldo actual es {monto} {moneda} y su límite disponible es de {limite} {moneda}.","Buenas tardes, necesito consultar el saldo de mi tarjeta de crédito.","Buenas tardes, claro que sí. Déjeme revisar esa información. Su saldo actual es {monto} {moneda} y su límite disponible es de {limite} {moneda}.",es,,,"banco, servicio","{""account_numbers"": 2, ""dates"": 0, ""amounts"": 2, ""products"": null}",consulta_general,Queja,Whisper v3,High,
TRS-9J1E4X5BTSR38LYID50N,INT-F0FY6L7EOFDQ7MCL,2026-06-10,CLI-KJPUTXT1JSPM,AGT-IT36OMS326,"Cliente: Hola, buenos días. Quisiera saber cuál es mi saldo actual en mi cuenta de ahorros.

Agente: Buenos días, con gusto le ayudo. Permítame un momento para verificar su saldo. Su saldo actual es de {monto} {moneda}.

Cliente: ¿Y eso cuánto tiempo tarda?

Agente: Perfecto, ¿necesita algo más?","Hola, buenos días. Quisiera saber cuál es mi saldo actual en mi cuenta de ahorros. ¿Y eso cuánto tiempo tarda?","Buenos días, con gusto le ayudo. Permítame un momento para verificar su saldo. Su saldo actual es de {monto} {moneda}. Perfecto, ¿necesita algo más?",es,argentine,0.75,"servicio, banco","{""account_numbers"": 1, ""dates"": 0, ""amounts"": 0, ""products"": ""Tarjeta Crédito""}",consulta_general,Producto,Whisper v3,High,388.0
TRS-R0M5ZCLLGWLDUFZGX2BA,INT-0IL4JUE6J8964CFH,2026-06-10,CLI-0XDR159P4XDD,AGT-B6R45B7BNQ,"Cliente: Buenas tardes, necesito consultar el saldo de mi tarjeta de crédito.

Agente: Buenas tardes, claro que sí. Déjeme revisar esa información. Su saldo actual es {monto} {moneda} y su límite disponible es de {limite} {moneda}.

Cliente: Muy bien, ¿hay algo más que deba saber?

Agente: No hay problema, que tenga buen día.

Cliente: ¿Y eso cuánto tiempo tarda?

Agente: Perfecto, ¿necesita algo más?","Buenas tardes, necesito consultar el saldo de mi tarjeta de crédito. Muy bien, ¿hay algo más que deba saber? ¿Y eso cuánto tiempo tarda?","Buenas tardes, claro que sí. Déjeme revisar esa información. Su saldo actual es {monto} {moneda} y su límite disponible es de {limite} {moneda}. No hay problema, que tenga buen día. Perfecto, ¿necesita algo más?",es,mexican,0.87,,"{""account_numbers"": 1, ""dates"": 1, ""amounts"": 2, ""products"": ""Cuenta Ahorro""}",consulta_general,Comercial,AWS Transcribe,High,209.0
TRS-E9XS3AL4SS8HSBWWPL07,INT-CIBMCZR06LW10QYV,2026-06-10,CLI-1RVKRVZQ8DCB,AGT-NOB5KS50MS,"Cliente: Hola, buenos días. Quisiera saber cuál es mi saldo actual en mi cuenta de ahorros.

Agente: Buenos días, con gusto le ayudo. Permítame un momento para verificar su saldo. Su saldo actual es de {monto} {moneda}.","Hola, buenos días. Quisiera saber cuál es mi saldo actual en mi cuenta de ahorros.","Buenos días, con gusto le ayudo. Permítame un momento para verificar su saldo. Su saldo actual es de {monto} {moneda}.",es,mexican,0.91,"cuenta, banco, servicio","{""account_numbers"": 2, ""dates"": 0, ""amounts"": 2, ""products"": ""Tarjeta Crédito""}",consulta_general,Transaccional,Google STT,Low,387.0
TRS-4RUGVRZ52J06Q2SAMVWD,INT-PLZLKHKCG7O0SE46,2026-06-10,CLI-27HR4X2V3OBJ,AGT-E9GHB6WK02,"Cliente: Hola, buenos días. Quisiera saber cuál es mi saldo actual en mi cuenta de ahorros.

Agente: Buenos días, con gusto le ayudo. Permítame un momento para verificar su saldo. Su saldo actual es de {monto} {moneda}.

Cliente: Perfecto, eso es lo que necesitaba.

Agente: Claro, estoy para servirle.

Cliente: ¿Y eso cuánto tiempo tarda?

Agente: Perfecto, ¿necesita algo más?","Hola, buenos días. Quisiera saber cuál es mi saldo actual en mi cuenta de ahorros. Perfecto, eso es lo que necesitaba. ¿Y eso cuánto tiempo tarda?","Buenos días, con gusto le ayudo. Permítame un momento para verificar su saldo. Su saldo actual es de {monto} {moneda}. Claro, estoy para servirle. Perfecto, ¿necesita algo más?",es,,0.99,"servicio, banco","{""account_numbers"": 2, ""dates"": 0, ""amounts"": 1, ""products"": ""Tarjeta Crédito""}",consulta_general,Queja,Google STT,Medium,392.0
TRS-865ZDTSBSB5RBL9K5G9W,INT-SNCQVM38NK92QYNF,2026-06-10,CLI-O2Q6KHH1X1WM,AGT-N6YFW1455B,"Cliente: Buenas tardes, necesito consultar el saldo de mi tarjeta de crédito.

Agente: Buenas tardes, claro que sí. Déjeme revisar esa información. Su saldo actual es {monto} {moneda} y su límite disponible es de {limite} {moneda}.","Buenas tardes, necesito consultar el saldo de mi tarjeta de crédito.","Buenas tardes, claro que sí. Déjeme revisar esa información. Su saldo actual es {monto} {moneda} y su límite disponible es de {limite} {moneda}.",es,,0.82,"servicio, cuenta","{""account_numbers"": 0, ""dates"": 0, ""amounts"": 0, ""products"": ""Cuenta Ahorro""}",consulta_general,Queja,Azure Speech,High,329.0
TRS-5V3W9T4PA7XR95DJVU1T,INT-FD5IOOFJPU1ULGE5,2026-06-10,CLI-TS0IY8T8FI2Y,AGT-TV0QBXSVT9,"Cliente: Buenas tardes, necesito consultar el saldo de mi tarjeta de crédito.

Agente: Buenas tardes, claro que sí. Déjeme revisar esa información. Su saldo actual es {monto} {moneda} y su límite disponible es de {limite} {moneda}.

Cliente: Muy bien, ¿hay algo más que deba saber?

Agente: Con gusto. ¿Hay algo más en lo que pueda ayudarle?

Cliente: Muy bien, ¿hay algo más que deba saber?

Agente: Perfecto, ¿necesita algo más?","Buenas tardes, necesito consultar el saldo de mi tarjeta de crédito. Muy bien, ¿hay algo más que deba saber? Muy bien, ¿hay algo más que deba saber?","Buenas tardes, claro que sí. Déjeme revisar esa información. Su saldo actual es {monto} {moneda} y su límite disponible es de {limite} {moneda}. Con gusto. ¿Hay algo más en lo que pueda ayudarle? Perfecto, ¿necesita algo más?",es,argentine,0.77,,"{""account_numbers"": 2, ""dates"": 0, ""amounts"": 0, ""products"": null}",consulta_general,Transaccional,Google STT,High,
TRS-5DR82HBIAKGB8F8NWUYV,INT-A1SQBWLHF6ER6ZH1,2026-06-10,CLI-IXWDZ8MW6COJ,AGT-Q1CPMXVTZC,"Cliente: Buenas tardes, necesito consultar el saldo de mi tarjeta de crédito.

Agente: Buenas tardes, claro que sí. Déjeme revisar esa información. Su saldo actual es {monto} {moneda} y su límite disponible es de {limite} {moneda}.

Cliente: ¿Y eso cuánto tiempo tarda?

Agente: Claro, estoy para servirle.","Buenas tardes, necesito consultar el saldo de mi tarjeta de crédito. ¿Y eso cuánto tiempo tarda?","Buenas tardes, claro que sí. Déjeme revisar esa información. Su saldo actual es {monto} {moneda} y su límite disponible es de {limite} {moneda}. Claro, estoy para servirle.",es,colombian,0.85,"servicio, cuenta","{""account_numbers"": 1, ""dates"": 1, ""amounts"": 1, ""products"": ""Tarjeta Crédito""}",consulta_general,Transaccional,Google STT,Low,87.0
TRS-TKTM0R7TN2VKELKCY4WP,INT-XEVTZO9GI0OWCJ40,2026-06-10,CLI-BZFBBB1CXN0W,AGT-EDV4G21PUV,"Cliente: Hola, buenos días. Quisiera saber cuál es mi saldo actual en mi cuenta de ahorros.

Agente: Buenos días, con gusto le ayudo. Permítame un momento para verificar su saldo. Su saldo actual es de {monto} {moneda}.","Hola, buenos días. Quisiera saber cuál es mi saldo actual en mi cuenta de ahorros.","Buenos días, con gusto le ayudo. Permítame un momento para verificar su saldo. Su saldo actual es de {monto} {moneda}.",es,mexican,0.95,"cuenta, banco","{""account_numbers"": 0, ""dates"": 1, ""amounts"": 2, ""products"": ""Tarjeta Crédito""}",consulta_general,Queja,AWS Transcribe,Medium,216.0
TRS-AF9SIE00ZKQ69NINE1SJ,INT-OAKV0J9E1FRNFFT1,2026-06-10,CLI-SXF84U6ZTQDO,AGT-MC2QXB1BML,"Cliente: Buenas tardes, necesito consultar el saldo de mi tarjeta de crédito.

Agente: Buenas tardes, claro que sí. Déjeme revisar esa información. Su saldo actual es {monto} {moneda} y su límite disponible es de {limite} {moneda}.","Buenas tardes, necesito consultar el saldo de mi tarjeta de crédito.","Buenas tardes, claro que sí. Déjeme revisar esa información. Su saldo actual es {monto} {moneda} y su límite disponible es de {limite} {moneda}.",es,mexican,0.88,"cuenta, servicio, banco","{""account_numbers"": 1, ""dates"": 0, ""amounts"": 1, ""products"": ""Cuenta Ahorro""}",consulta_general,Transaccional,Google STT,High,102.0
TRS-RMIH0A9M1G1DAZF25QZB,INT-2S0A58C5OE83RSSU,2026-06-10,CLI-8V7GYSVYV20K,AGT-5CPTBAUR6F,"Cliente: Buenas tardes, necesito consultar el saldo de mi tarjeta de crédito.

Agente: Buenas tardes, claro que sí. Déjeme revisar esa información. Su saldo actual es {monto} {moneda} y su límite disponible es de {limite} {moneda}.

Cliente: Perfecto, eso es lo que necesitaba.

Agente: No hay problema, que tenga buen día.

Cliente: ¿Y eso cuánto tiempo tarda?

Agente: Con gusto. ¿Hay algo más en lo que pueda ayudarle?","Buenas tardes, necesito consultar el saldo de mi tarjeta de crédito. Perfecto, eso es lo que necesitaba. ¿Y eso cuánto tiempo tarda?","Buenas tardes, claro que sí. Déjeme revisar esa información. Su saldo actual es {monto} {moneda} y su límite disponible es de {limite} {moneda}. No hay problema, que tenga buen día. Con gusto. ¿Hay algo más en lo que pueda ayudarle?",es,,0.82,,"{""account_numbers"": 0, ""dates"": 0, ""amounts"": 0, ""products"": ""Tarjeta Crédito""}",consulta_general,Transaccional,AWS Transcribe,Medium,
TRS-PK93L8LC34Z4IK81CDB9,INT-K13NKWZH6VC2ZEOH,2026-06-10,CLI-73I9KZQN6OAC,AGT-H4A9IXOK25,"Cliente: Hola, buenos días. Quisiera saber cuál es mi saldo actual en mi cuenta de ahorros.

Agente: Buenos días, con gusto le ayudo. Permítame un momento para verificar su saldo. Su saldo actual es de {monto} {moneda}.","Hola, buenos días. Quisiera saber cuál es mi saldo actual en mi cuenta de ahorros.","Buenos días, con gusto le ayudo. Permítame un momento para verificar su saldo. Su saldo actual es de {monto} {moneda}.",es,,,"servicio, banco, cuenta","{""account_numbers"": 2, ""dates"": 0, ""amounts"": 0, ""products"": null}",consulta_general,Producto,Whisper v3,High,185.0
TRS-4WWMU80D52DUNGW8BHR6,INT-JR9V6VNFRTEHDAB3,2026-06-10,CLI-J48MMJKL32PF,AGT-RXRI3WGAQW,"Cliente: Hola, buenos días. Quisiera saber cuál es mi saldo actual en mi cuenta de ahorros.

Agente: Buenos días, con gusto le ayudo. Permítame un momento para verificar su saldo. Su saldo actual es de {monto} {moneda}.","Hola, buenos días. Quisiera saber cuál es mi saldo actual en mi cuenta de ahorros.","Buenos días, con gusto le ayudo. Permítame un momento para verificar su saldo. Su saldo actual es de {monto} {moneda}.",es,argentine,0.79,"servicio, cuenta, banco","{""account_numbers"": 0, ""dates"": 0, ""amounts"": 0, ""products"": ""Cuenta Ahorro""}",consulta_general,Transaccional,Google STT,Medium,123.0
TRS-ZJ8ES9E41BUEOX10DBQK,INT-LBMCG5F95L32GQBA,2026-06-10,CLI-HRAEJH7R6F3S,AGT-XLUD39CV67,"Cliente: Hola, buenos días. Quisiera saber cuál es mi saldo actual en mi cuenta de ahorros.

Agente: Buenos días, con gusto le ayudo. Permítame un momento para verificar su saldo. Su saldo actual es de {monto} {moneda}.

Cliente: Entiendo, muchas gracias.

Agente: No hay problema, que tenga buen día.","Hola, buenos días. Quisiera saber cuál es mi saldo actual en mi cuenta de ahorros. Entiendo, muchas gracias.","Buenos días, con gusto le ayudo. Permítame un momento para verificar su saldo. Su saldo actual es de {monto} {moneda}. No hay problema, que tenga buen día.",es,,0.85,"banco, cuenta, servicio","{""account_numbers"": 0, ""dates"": 0, ""amounts"": 1, ""products"": ""Tarjeta Crédito""}",consulta_general,Técnico,AWS Transcribe,High,333.0
TRS-4PI2FNHHUSPC4SSXMUAD,INT-K3FVERPFW1VXPXDI,2026-06-10,CLI-XSSP6YXYLN8E,AGT-W4AYW4BGI9,"Cliente: Hola, buenos días. Quisiera saber cuál es mi saldo actual en mi cuenta de ahorros.

Agente: Buenos días, con gusto le ayudo. Permítame un momento para verificar su saldo. Su saldo actual es de {monto} {moneda}.

Cliente: ¿Y eso cuánto tiempo tarda?

Agente: No hay problema, que tenga buen día.","Hola, buenos días. Quisiera saber cuál es mi saldo actual en mi cuenta de ahorros. ¿Y eso cuánto tiempo tarda?","Buenos días, con gusto le ayudo. Permítame un momento para verificar su saldo. Su saldo actual es de {monto} {moneda}. No hay problema, que tenga buen día.",es,colombian,0.95,"banco, servicio, cuenta","{""account_numbers"": 0, ""dates"": 1, ""amounts"": 2, ""products"": ""Tarjeta Crédito""}",consulta_general,Transaccional,Google STT,High,
TRS-EAR5LJSSEZQUHSYMSXHC,INT-9O37GPOMZPLT0QOQ,2026-06-10,CLI-JGHIQUSPOXRI,AGT-AQVUQI49EA,"Cliente: Hola, buenos días. Quisiera saber cuál es mi saldo actual en mi cuenta de ahorros.

Agente: Buenos días, con gusto le ayudo. Permítame un momento para verificar su saldo. Su saldo actual es de {monto} {moneda}.","Hola, buenos días. Quisiera saber cuál es mi saldo actual en mi cuenta de ahorros.","Buenos días, con gusto le ayudo. Permítame un momento para verificar su saldo. Su saldo actual es de {monto} {moneda}.",es,argentine,,"servicio, banco, cuenta","{""account_numbers"": 2, ""dates"": 0, ""amounts"": 0, ""products"": ""Cuenta Ahorro""}",consulta_general,Queja,Whisper v3,High,507.0
TRS-TO64V6WMHXI5TP3OPANR,INT-RTYKZTHQ93C0LBMD,2026-06-10,CLI-79DAA1IM7NDN,AGT-V0731LP1QE,"Cliente: Hola, buenos días. Quisiera saber cuál es mi saldo actual en mi cuenta de ahorros.

Agente: Buenos días, con gusto le ayudo. Permítame un momento para verificar su saldo. Su saldo actual es de {monto} {moneda}.","Hola, buenos días. Quisiera saber cuál es mi saldo actual en mi cuenta de ahorros.","Buenos días, con gusto le ayudo. Permítame un momento para verificar su saldo. Su saldo actual es de {monto} {moneda}.",es,,0.95,"servicio, banco, cuenta","{""account_numbers"": 1, ""dates"": 0, ""amounts"": 2, ""products"": ""Tarjeta Crédito""}",consulta_general,Transaccional,Google STT,High,
TRS-Z9K2EPFCV4TISDBJNGBG,INT-2BHY81XXSNB70EY7,2026-06-10,CLI-C48G23WAY194,AGT-DTAYXVOKPJ,"Cliente: Hola, buenos días. Quisiera saber cuál es mi saldo actual en mi cuenta de ahorros.

Agente: Buenos días, con gusto le ayudo. Permítame un momento para verificar su saldo. Su saldo actual es de {monto} {moneda}.

Cliente: Perfecto, eso es lo que necesitaba.

Agente: Claro, estoy para servirle.

Cliente: Entiendo, muchas gracias.

Agente: Con gusto. ¿Hay algo más en lo que pueda ayudarle?","Hola, buenos días. Quisiera saber cuál es mi saldo actual en mi cuenta de ahorros. Perfecto, eso es lo que necesitaba. Entiendo, muchas gracias.","Buenos días, con gusto le ayudo. Permítame un momento para verificar su saldo. Su saldo actual es de {monto} {moneda}. Claro, estoy para servirle. Con gusto. ¿Hay algo más en lo que pueda ayudarle?",es,mexican,0.93,"banco, cuenta","{""account_numbers"": 1, ""dates"": 0, ""amounts"": 1, ""products"": ""Tarjeta Crédito""}",consulta_general,Transaccional,Google STT,,168.0
TRS-A1Y4KUJOKOJGTPZ3WADJ,INT-IXRW39RZQ91I09ZR,2026-06-10,CLI-34G6M9QEPYAJ,AGT-FY0JTX0WX4,"Cliente: Hola, buenos días. Quisiera saber cuál es mi saldo actual en mi cuenta de ahorros.

Agente: Buenos días, con gusto le ayudo. Permítame un momento para verificar su saldo. Su saldo actual es de {monto} {moneda}.","Hola, buenos días. Quisiera saber cuál es mi saldo actual en mi cuenta de ahorros.","Buenos días, con gusto le ayudo. Permítame un momento para verificar su saldo. Su saldo actual es de {monto} {moneda}.",es,,0.79,"banco, cuenta, servicio","{""account_numbers"": 1, ""dates"": 1, ""amounts"": 1, ""products"": ""Tarjeta Crédito""}",consulta_general,Técnico,Whisper v3,High,
TRS-DMU3D1QV316W355SOTNS,INT-XG9RAM1V0CWI54CP,2026-06-10,CLI-FXTERMO81TGC,AGT-ENDMSY169K,"Cliente: Buenas tardes, necesito consultar el saldo de mi tarjeta de crédito.

Agente: Buenas tardes, claro que sí. Déjeme revisar esa información. Su saldo actual es {monto} {moneda} y su límite disponible es de {limite} {moneda}.","Buenas tardes, necesito consultar el saldo de mi tarjeta de crédito.","Buenas tardes, claro que sí. Déjeme revisar esa información. Su saldo actual es {monto} {moneda} y su límite disponible es de {limite} {moneda}.",es,mexican,0.91,"cuenta, servicio, banco","{""account_numbers"": 1, ""dates"": 1, ""amounts"": 2, ""products"": ""Tarjeta Crédito""}",consulta_general,Transaccional,AWS Transcribe,Medium,175.0
TRS-PZ0JVANM8R0VHE6TB6YY,INT-AUC1UEP6553H8EQB,2026-06-10,CLI-UZC7O2KR3JBX,AGT-HGVZ3WILY5,"Cliente: Hola, buenos días. Quisiera saber cuál es mi saldo actual en mi cuenta de ahorros.

Agente: Buenos días, con gusto le ayudo. Permítame un momento para verificar su saldo. Su saldo actual es de {monto} {moneda}.

Cliente: Muy bien, ¿hay algo más que deba saber?

Agente: No hay problema, que tenga buen día.

Cliente: Perfecto, eso es lo que necesitaba.

Agente: Perfecto, ¿necesita algo más?","Hola, buenos días. Quisiera saber cuál es mi saldo actual en mi cuenta de ahorros. Muy bien, ¿hay algo más que deba saber? Perfecto, eso es lo que necesitaba.","Buenos días, con gusto le ayudo. Permítame un momento para verificar su saldo. Su saldo actual es de {monto} {moneda}. No hay problema, que tenga buen día. Perfecto, ¿necesita algo más?",es,,0.93,"banco, servicio, cuenta","{""account_numbers"": 2, ""dates"": 1, ""amounts"": 1, ""products"": ""Tarjeta Crédito""}",consulta_general,Transaccional,AWS Transcribe,High,
TRS-LVOE6NUI5M2KBATZTOAH,INT-QIGUKFNKKL17N9DX,2026-06-10,CLI-3QIUMUACD3IZ,AGT-2MHKH3YW3K,"Cliente: Buenas tardes, necesito consultar el saldo de mi tarjeta de crédito.

Agente: Buenas tardes, claro que sí. Déjeme revisar esa información. Su saldo actual es {monto} {moneda} y su límite disponible es de {limite} {moneda}.","Buenas tardes, necesito consultar el saldo de mi tarjeta de crédito.","Buenas tardes, claro que sí. Déjeme revisar esa información. Su saldo actual es {monto} {moneda} y su límite disponible es de {limite} {moneda}.",es,argentine,,"cuenta, servicio, banco","{""account_numbers"": 1, ""dates"": 1, ""amounts"": 1, ""products"": ""Tarjeta Crédito""}",consulta_general,Producto,AWS Transcribe,High,336.0
TRS-6HXZJ25R5EEO0BKLFEVH,INT-BBMKRCZOIRSJ5YTT,2026-06-10,CLI-74M4NF2PZ2OK,AGT-P0R6W0FYK1,"Cliente: Buenas tardes, necesito consultar el saldo de mi tarjeta de crédito.

Agente: Buenas tardes, claro que sí. Déjeme revisar esa información. Su saldo actual es {monto} {moneda} y su límite disponible es de {limite} {moneda}.","Buenas tardes, necesito consultar el saldo de mi tarjeta de crédito.","Buenas tardes, claro que sí. Déjeme revisar esa información. Su saldo actual es {monto} {moneda} y su límite disponible es de {limite} {moneda}.",es,argentine,0.81,"banco, servicio","{""account_numbers"": 1, ""dates"": 1, ""amounts"": 2, ""products"": null}",consulta_general,Transaccional,Azure Speech,Medium,327.0
TRS-9HC1MZSS7YOXWYXPGWIF,INT-WYEYXN8JV09RXO7J,2026-06-10,CLI-BG8TDE9VS3DG,AGT-7RNBB5W4CT,"Cliente: Hola, buenos días. Quisiera saber cuál es mi saldo actual en mi cuenta de ahorros.

Agente: Buenos días, con gusto le ayudo. Permítame un momento para verificar su saldo. Su saldo actual es de {monto} {moneda}.","Hola, buenos días. Quisiera saber cuál es mi saldo actual en mi cuenta de ahorros.","Buenos días, con gusto le ayudo. Permítame un momento para verificar su saldo. Su saldo actual es de {monto} {moneda}.",es,,0.91,"banco, cuenta, servicio","{""account_numbers"": 1, ""dates"": 1, ""amounts"": 2, ""products"": ""Cuenta Ahorro""}",consulta_general,Transaccional,Azure Speech,Medium,264.0
TRS-EP5D5RHVFVKW9VO1B33S,INT-K0LTBJRCU8WKVA8I,2026-06-10,CLI-JWPRNWMFADR1,AGT-7ID1M83527,"Cliente: Hola, buenos días. Quisiera saber cuál es mi saldo actual en mi cuenta de ahorros.

Agente: Buenos días, con gusto le ayudo. Permítame un momento para verificar su saldo. Su saldo actual es de {monto} {moneda}.

Cliente: Entiendo, muchas gracias.

Agente: Con gusto. ¿Hay algo más en lo que pueda ayudarle?

Cliente: ¿Y eso cuánto tiempo tarda?

Agente: Con gusto. ¿Hay algo más en lo que pueda ayudarle?","Hola, buenos días. Quisiera saber cuál es mi saldo actual en mi cuenta de ahorros. Entiendo, muchas gracias. ¿Y eso cuánto tiempo tarda?","Buenos días, con gusto le ayudo. Permítame un momento para verificar su saldo. Su saldo actual es de {monto} {moneda}. Con gusto. ¿Hay algo más en lo que pueda ayudarle? Con gusto. ¿Hay algo más en lo que pueda ayudarle?",es,argentine,0.8,,,consulta_general,Técnico,Azure Speech,High,307.0
TRS-1KPOCS975KOXF7QOTLOO,INT-92F1SLU5HL4K8AKJ,2026-06-10,CLI-HO1D0TSWJ736,AGT-P3J2VF0O60,"Cliente: Hola, buenos días. Quisiera saber cuál es mi saldo actual en mi cuenta de ahorros.

Agente: Buenos días, con gusto le ayudo. Permítame un momento para verificar su saldo. Su saldo actual es de {monto} {moneda}.

Cliente: ¿Y eso cuánto tiempo tarda?

Agente: Claro, estoy para servirle.","Hola, buenos días. Quisiera saber cuál es mi saldo actual en mi cuenta de ahorros. ¿Y eso cuánto tiempo tarda?","Buenos días, con gusto le ayudo. Permítame un momento para verificar su saldo. Su saldo actual es de {monto} {moneda}. Claro, estoy para servirle.",es,,,"cuenta, banco, servicio","{""account_numbers"": 1, ""dates"": 1, ""amounts"": 1, ""products"": ""Cuenta Ahorro""}",,Transaccional,AWS Transcribe,,322.0
TRS-VIOLNKJM41AXY8XPJSMP,INT-EO687NEMVWEM5G91,2026-06-10,CLI-TNSGP29GX3BS,AGT-E1HYYKT3NN,"Cliente: Hola, buenos días. Quisiera saber cuál es mi saldo actual en mi cuenta de ahorros.

Agente: Buenos días, con gusto le ayudo. Permítame un momento para verificar su saldo. Su saldo actual es de {monto} {moneda}.","Hola, buenos días. Quisiera saber cuál es mi saldo actual en mi cuenta de ahorros.","Buenos días, con gusto le ayudo. Permítame un momento para verificar su saldo. Su saldo actual es de {monto} {moneda}.",es,colombian,0.76,"banco, servicio, cuenta","{""account_numbers"": 1, ""dates"": 1, ""amounts"": 1, ""products"": null}",,Transaccional,Google STT,High,182.0
TRS-SECYQJTDE0GY2UCE0DZ1,INT-41BV90MHLFFDN86B,2026-06-10,CLI-ZIJEVIFDHXLJ,AGT-GT2O5MFVMB,"Cliente: Hola, buenos días. Quisiera saber cuál es mi saldo actual en mi cuenta de ahorros.

Agente: Buenos días, con gusto le ayudo. Permítame un momento para verificar su saldo. Su saldo actual es de {monto} {moneda}.

Cliente: Perfecto, eso es lo que necesitaba.

Agente: Con gusto. ¿Hay algo más en lo que pueda ayudarle?

Cliente: Muy bien, ¿hay algo más que deba saber?

Agente: Claro, estoy para servirle.","Hola, buenos días. Quisiera saber cuál es mi saldo actual en mi cuenta de ahorros. Perfecto, eso es lo que necesitaba. Muy bien, ¿hay algo más que deba saber?","Buenos días, con gusto le ayudo. Permítame un momento para verificar su saldo. Su saldo actual es de {monto} {moneda}. Con gusto. ¿Hay algo más en lo que pueda ayudarle? Claro, estoy para servirle.",es,colombian,0.77,"banco, servicio",,consulta_general,Transaccional,Azure Speech,High,189.0
TRS-OTDLWIRNYAIC9FSYA48I,INT-NZ0JFPLHPJHOQPFI,2026-06-10,CLI-UI22OJBXQVVA,AGT-QQATMOYOS3,"Cliente: Hola, buenos días. Quisiera saber cuál es mi saldo actual en mi cuenta de ahorros.

Agente: Buenos días, con gusto le ayudo. Permítame un momento para verificar su saldo. Su saldo actual es de {monto} {moneda}.

Cliente: Perfecto, eso es lo que necesitaba.

Agente: Claro, estoy para servirle.

Cliente: ¿Y eso cuánto tiempo tarda?

Agente: Claro, estoy para servirle.","Hola, buenos días. Quisiera saber cuál es mi saldo actual en mi cuenta de ahorros. Perfecto, eso es lo que necesitaba. ¿Y eso cuánto tiempo tarda?","Buenos días, con gusto le ayudo. Permítame un momento para verificar su saldo. Su saldo actual es de {monto} {moneda}. Claro, estoy para servirle. Claro, estoy para servirle.",es,,0.77,"cuenta, banco, servicio","{""account_numbers"": 1, ""dates"": 0, ""amounts"": 1, ""products"": ""Tarjeta Crédito""}",consulta_general,Queja,Whisper v3,High,255.0
TRS-0DK2BT901INZQSCJRX85,INT-KXTFGDYMRKPY96SD,2026-06-10,CLI-7P8021BG25NZ,AGT-0SK7J9FAUM,"Cliente: Hola, buenos días. Quisiera saber cuál es mi saldo actual en mi cuenta de ahorros.

Agente: Buenos días, con gusto le ayudo. Permítame un momento para verificar su saldo. Su saldo actual es de {monto} {moneda}.","Hola, buenos días. Quisiera saber cuál es mi saldo actual en mi cuenta de ahorros.","Buenos días, con gusto le ayudo. Permítame un momento para verificar su saldo. Su saldo actual es de {monto} {moneda}.",es,,0.93,"cuenta, banco, servicio","{""account_numbers"": 0, ""dates"": 0, ""amounts"": 1, ""products"": ""Cuenta Ahorro""}",consulta_general,Producto,AWS Transcribe,Medium,275.0
TRS-IZU3FKCDITPRCKHMNVUG,INT-HAWO8PCARENT7R6Q,2026-06-10,CLI-MJ9GM3FVA86U,AGT-5RF05BZME0,"Cliente: Hola, buenos días. Quisiera saber cuál es mi saldo actual en mi cuenta de ahorros.

Agente: Buenos días, con gusto le ayudo. Permítame un momento para verificar su saldo. Su saldo actual es de {monto} {moneda}.","Hola, buenos días. Quisiera saber cuál es mi saldo actual en mi cuenta de ahorros.","Buenos días, con gusto le ayudo. Permítame un momento para verificar su saldo. Su saldo actual es de {monto} {moneda}.",es,mexican,0.91,"servicio, cuenta","{""account_numbers"": 2, ""dates"": 1, ""amounts"": 0, ""products"": ""Cuenta Ahorro""}",consulta_general,Técnico,Whisper v3,High,160.0
TRS-CROFKJG20YFBV4MW906L,INT-A2T2DDR458XAM53U,2026-06-10,CLI-DP36KE9UA3BV,AGT-VRI9ZS84KO,"Cliente: Buenas tardes, necesito consultar el saldo de mi tarjeta de crédito.

Agente: Buenas tardes, claro que sí. Déjeme revisar esa información. Su saldo actual es {monto} {moneda} y su límite disponible es de {limite} {moneda}.

Cliente: Muy bien, ¿hay algo más que deba saber?

Agente: Con gusto. ¿Hay algo más en lo que pueda ayudarle?","Buenas tardes, necesito consultar el saldo de mi tarjeta de crédito. Muy bien, ¿hay algo más que deba saber?","Buenas tardes, claro que sí. Déjeme revisar esa información. Su saldo actual es {monto} {moneda} y su límite disponible es de {limite} {moneda}. Con gusto. ¿Hay algo más en lo que pueda ayudarle?",es,,0.98,"servicio, cuenta, banco","{""account_numbers"": 2, ""dates"": 0, ""amounts"": 2, ""products"": ""Cuenta Ahorro""}",consulta_general,Producto,AWS Transcribe,High,238.0
TRS-T88GRR15G7Y0Q5COHAQD,INT-7AXD4USHJEK5HLNW,2026-06-10,CLI-2V3D1KLDAPU6,AGT-V96WLTZ7C2,"Cliente: Hola, buenos días. Quisiera saber cuál es mi saldo actual en mi cuenta de ahorros.

Agente: Buenos días, con gusto le ayudo. Permítame un momento para verificar su saldo. Su saldo actual es de {monto} {moneda}.

Cliente: Entiendo, muchas gracias.

Agente: Claro, estoy para servirle.

Cliente: Muy bien, ¿hay algo más que deba saber?

Agente: Perfecto, ¿necesita algo más?","Hola, buenos días. Quisiera saber cuál es mi saldo actual en mi cuenta de ahorros. Entiendo, muchas gracias. Muy bien, ¿hay algo más que deba saber?","Buenos días, con gusto le ayudo. Permítame un momento para verificar su saldo. Su saldo actual es de {monto} {moneda}. Claro, estoy para servirle. Perfecto, ¿necesita algo más?",es,,0.86,"cuenta, servicio",,consulta_general,Transaccional,Whisper v3,,82.0
TRS-LC5Z5I6E3IVRMDPQXGQM,INT-P6DURWZXO9LSYX28,2026-06-10,CLI-RXDDMUK556QF,AGT-9M45XHR1BB,"Cliente: Hola, buenos días. Quisiera saber cuál es mi saldo actual en mi cuenta de ahorros.

Agente: Buenos días, con gusto le ayudo. Permítame un momento para verificar su saldo. Su saldo actual es de {monto} {moneda}.","Hola, buenos días. Quisiera saber cuál es mi saldo actual en mi cuenta de ahorros.","Buenos días, con gusto le ayudo. Permítame un momento para verificar su saldo. Su saldo actual es de {monto} {moneda}.",es,mexican,0.87,"servicio, banco","{""account_numbers"": 2, ""dates"": 1, ""amounts"": 2, ""products"": ""Tarjeta Crédito""}",consulta_general,Producto,Whisper v3,High,406.0
TRS-0VN85J83RIU5635LDMRM,INT-GU4IUY9H4UVFDODL,2026-06-10,CLI-KLYHBCJK4NS2,AGT-TJ0RZV4GUF,"Cliente: Buenas tardes, necesito consultar el saldo de mi tarjeta de crédito.

Agente: Buenas tardes, claro que sí. Déjeme revisar esa información. Su saldo actual es {monto} {moneda} y su límite disponible es de {limite} {moneda}.","Buenas tardes, necesito consultar el saldo de mi tarjeta de crédito.","Buenas tardes, claro que sí. Déjeme revisar esa información. Su saldo actual es {monto} {moneda} y su límite disponible es de {limite} {moneda}.",es,mexican,0.79,"servicio, cuenta, banco","{""account_numbers"": 2, ""dates"": 0, ""amounts"": 1, ""products"": null}",consulta_general,Producto,Google STT,High,309.0
TRS-DVFYOWGBKK8VR18R34LW,INT-6O4R1QFTYGKYARAI,2026-06-10,CLI-W6CYG2XGJXVX,AGT-XUBJTI8AW5,"Cliente: Hola, buenos días. Quisiera saber cuál es mi saldo actual en mi cuenta de ahorros.

Agente: Buenos días, con gusto le ayudo. Permítame un momento para verificar su saldo. Su saldo actual es de {monto} {moneda}.

Cliente: ¿Y eso cuánto tiempo tarda?

Agente: Con gusto. ¿Hay algo más en lo que pueda ayudarle?

Cliente: ¿Y eso cuánto tiempo tarda?

Agente: No hay problema, que tenga buen día.","Hola, buenos días. Quisiera saber cuál es mi saldo actual en mi cuenta de ahorros. ¿Y eso cuánto tiempo tarda? ¿Y eso cuánto tiempo tarda?","Buenos días, con gusto le ayudo. Permítame un momento para verificar su saldo. Su saldo actual es de {monto} {moneda}. Con gusto. ¿Hay algo más en lo que pueda ayudarle? No hay problema, que tenga buen día.",es,mexican,0.99,"servicio, banco, cuenta","{""account_numbers"": 1, ""dates"": 0, ""amounts"": 1, ""products"": null}",consulta_general,Comercial,Google STT,High,218.0
TRS-PDKG5C3I0V7YBD7V7ICV,INT-MDMGGNTG30YM1F77,2026-06-10,CLI-B2IILHX9YKMU,AGT-VF04ZPV9BW,"Cliente: Hola, buenos días. Quisiera saber cuál es mi saldo actual en mi cuenta de ahorros.

Agente: Buenos días, con gusto le ayudo. Permítame un momento para verificar su saldo. Su saldo actual es de {monto} {moneda}.","Hola, buenos días. Quisiera saber cuál es mi saldo actual en mi cuenta de ahorros.","Buenos días, con gusto le ayudo. Permítame un momento para verificar su saldo. Su saldo actual es de {monto} {moneda}.",es,,0.9,"cuenta, servicio, banco","{""account_numbers"": 1, ""dates"": 0, ""amounts"": 0, ""products"": ""Tarjeta Crédito""}",consulta_general,Queja,Google STT,High,363.0
TRS-Q5V50A2JRF2WP85U4ZEM,INT-NGL8WWLS90Z8JERR,2026-06-10,CLI-U4DVBMPU9BIL,AGT-RRH6ONQMMX,"Cliente: Buenas tardes, necesito consultar el saldo de mi tarjeta de crédito.

Agente: Buenas tardes, claro que sí. Déjeme revisar esa información. Su saldo actual es {monto} {moneda} y su límite disponible es de {limite} {moneda}.","Buenas tardes, necesito consultar el saldo de mi tarjeta de crédito.","Buenas tardes, claro que sí. Déjeme revisar esa información. Su saldo actual es {monto} {moneda} y su límite disponible es de {limite} {moneda}.",es,,0.82,"cuenta, servicio, banco","{""account_numbers"": 1, ""dates"": 0, ""amounts"": 0, ""products"": ""Cuenta Ahorro""}",consulta_general,Transaccional,Whisper v3,High,123.0
TRS-VBN8OINC0LS1CVTKY45T,INT-4RTTURU9TK2RARX0,2026-06-10,CLI-GCCFDI5AE0YK,AGT-BEAXRRXLFP,"Cliente: Hola, buenos días. Quisiera saber cuál es mi saldo actual en mi cuenta de ahorros.

Agente: Buenos días, con gusto le ayudo. Permítame un momento para verificar su saldo. Su saldo actual es de {monto} {moneda}.","Hola, buenos días. Quisiera saber cuál es mi saldo actual en mi cuenta de ahorros.","Buenos días, con gusto le ayudo. Permítame un momento para verificar su saldo. Su saldo actual es de {monto} {moneda}.",es,,0.77,"servicio, cuenta",,consulta_general,Queja,AWS Transcribe,High,452.0
TRS-8REBW009T2S2TUFZ1FBU,INT-FY3HV4OBVB4LB9VB,2026-06-10,CLI-3WRP3NEUY2H1,AGT-PC5ULV8S9U,"Cliente: Hola, buenos días. Quisiera saber cuál es mi saldo actual en mi cuenta de ahorros.

Agente: Buenos días, con gusto le ayudo. Permítame un momento para verificar su saldo. Su saldo actual es de {monto} {moneda}.

Cliente: ¿Y eso cuánto tiempo tarda?

Agente: Con gusto. ¿Hay algo más en lo que pueda ayudarle?

Cliente: Muy bien, ¿hay algo más que deba saber?

Agente: Claro, estoy para servirle.","Hola, buenos días. Quisiera saber cuál es mi saldo actual en mi cuenta de ahorros. ¿Y eso cuánto tiempo tarda? Muy bien, ¿hay algo más que deba saber?","Buenos días, con gusto le ayudo. Permítame un momento para verificar su saldo. Su saldo actual es de {monto} {moneda}. Con gusto. ¿Hay algo más en lo que pueda ayudarle? Claro, estoy para servirle.",es,,0.86,"servicio, banco","{""account_numbers"": 1, ""dates"": 1, ""amounts"": 1, ""products"": ""Tarjeta Crédito""}",consulta_general,Queja,AWS Transcribe,High,324.0
TRS-8CEEVXPCYTY7VHL6SYU6,INT-3BXSANUK7GY4UDJ3,2026-06-10,CLI-1367DUU7OOXH,AGT-1U67SCVP90,"Cliente: Buenas tardes, necesito consultar el saldo de mi tarjeta de crédito.

Agente: Buenas tardes, claro que sí. Déjeme revisar esa información. Su saldo actual es {monto} {moneda} y su límite disponible es de {limite} {moneda}.","Buenas tardes, necesito consultar el saldo de mi tarjeta de crédito.","Buenas tardes, claro que sí. Déjeme revisar esa información. Su saldo actual es {monto} {moneda} y su límite disponible es de {limite} {moneda}.",es,,0.96,"banco, servicio","{""account_numbers"": 2, ""dates"": 0, ""amounts"": 1, ""products"": ""Tarjeta Crédito""}",consulta_general,Transaccional,AWS Transcribe,High,299.0
TRS-TY26VKB1D00UGIGU49JF,INT-111O8LM96ZLBXUP8,2026-06-10,CLI-2I3QZHI63FL5,AGT-HXRF7GKPTC,"Cliente: Buenas tardes, necesito consultar el saldo de mi tarjeta de crédito.

Agente: Buenas tardes, claro que sí. Déjeme revisar esa información. Su saldo actual es {monto} {moneda} y su límite disponible es de {limite} {moneda}.

Cliente: Muy bien, ¿hay algo más que deba saber?

Agente: No hay problema, que tenga buen día.","Buenas tardes, necesito consultar el saldo de mi tarjeta de crédito. Muy bien, ¿hay algo más que deba saber?","Buenas tardes, claro que sí. Déjeme revisar esa información. Su saldo actual es {monto} {moneda} y su límite disponible es de {limite} {moneda}. No hay problema, que tenga buen día.",es,colombian,0.79,"banco, cuenta","{""account_numbers"": 0, ""dates"": 1, ""amounts"": 1, ""products"": ""Tarjeta Crédito""}",consulta_general,Transaccional,Azure Speech,High,218.0
TRS-ZBNYW9H75IISF96VP0NA,INT-TJFQHEU4QDCNH3SO,2026-06-10,CLI-16WKYUM994BY,AGT-4EBSCOM63S,"Cliente: Hola, buenos días. Quisiera saber cuál es mi saldo actual en mi cuenta de ahorros.

Agente: Buenos días, con gusto le ayudo. Permítame un momento para verificar su saldo. Su saldo actual es de {monto} {moneda}.","Hola, buenos días. Quisiera saber cuál es mi saldo actual en mi cuenta de ahorros.","Buenos días, con gusto le ayudo. Permítame un momento para verificar su saldo. Su saldo actual es de {monto} {moneda}.",es,,0.8,"banco, servicio, cuenta","{""account_numbers"": 2, ""dates"": 1, ""amounts"": 2, ""products"": null}",consulta_general,Queja,Google STT,High,443.0
TRS-F5LWQXYNGISRJYXSTP0K,INT-HDRTFJW8BE974V0Q,2026-06-10,CLI-PKQNERNLO8EQ,AGT-W4NDMPHQU7,"Cliente: Hola, buenos días. Quisiera saber cuál es mi saldo actual en mi cuenta de ahorros.

Agente: Buenos días, con gusto le ayudo. Permítame un momento para verificar su saldo. Su saldo actual es de {monto} {moneda}.","Hola, buenos días. Quisiera saber cuál es mi saldo actual en mi cuenta de ahorros.","Buenos días, con gusto le ayudo. Permítame un momento para verificar su saldo. Su saldo actual es de {monto} {moneda}.",es,,0.95,"servicio, banco",,consulta_general,Queja,Whisper v3,High,450.0
TRS-5ADBNRL516A5UBMZ9MS8,INT-DYTP3CBOOUMQFTFF,2026-06-10,CLI-62I4NQHCBEH9,AGT-P7RT23V6BG,"Cliente: Buenas tardes, necesito consultar el saldo de mi tarjeta de crédito.

Agente: Buenas tardes, claro que sí. Déjeme revisar esa información. Su saldo actual es {monto} {moneda} y su límite disponible es de {limite} {moneda}.

Cliente: ¿Y eso cuánto tiempo tarda?

Agente: No hay problema, que tenga buen día.

Cliente: Perfecto, eso es lo que necesitaba.

Agente: Con gusto. ¿Hay algo más en lo que pueda ayudarle?","Buenas tardes, necesito consultar el saldo de mi tarjeta de crédito. ¿Y eso cuánto tiempo tarda? Perfecto, eso es lo que necesitaba.","Buenas tardes, claro que sí. Déjeme revisar esa información. Su saldo actual es {monto} {moneda} y su límite disponible es de {limite} {moneda}. No hay problema, que tenga buen día. Con gusto. ¿Hay algo más en lo que pueda ayudarle?",es,mexican,,"banco, servicio, cuenta","{""account_numbers"": 0, ""dates"": 0, ""amounts"": 1, ""products"": null}",,Transaccional,Azure Speech,High,119.0
TRS-1QCPDHEQHX7PX7QCIPYN,INT-4EYGWHXLJUZSISGI,2026-06-10,CLI-V6QHCP1SG3WM,AGT-UJBX94QGQH,"Cliente: Buenas tardes, necesito consultar el saldo de mi tarjeta de crédito.

Agente: Buenas tardes, claro que sí. Déjeme revisar esa información. Su saldo actual es {monto} {moneda} y su límite disponible es de {limite} {moneda}.

Cliente: Muy bien, ¿hay algo más que deba saber?

Agente: Con gusto. ¿Hay algo más en lo que pueda ayudarle?","Buenas tardes, necesito consultar el saldo de mi tarjeta de crédito. Muy bien, ¿hay algo más que deba saber?","Buenas tardes, claro que sí. Déjeme revisar esa información. Su saldo actual es {monto} {moneda} y su límite disponible es de {limite} {moneda}. Con gusto. ¿Hay algo más en lo que pueda ayudarle?",es,,0.94,"cuenta, servicio","{""account_numbers"": 2, ""dates"": 0, ""amounts"": 0, ""products"": ""Tarjeta Crédito""}",consulta_general,Transaccional,AWS Transcribe,High,
TRS-5T4VK56IHR6HV1LMWMHL,INT-SKOCBONT5DD05KB9,2026-06-10,CLI-NL71CAHUL4QX,AGT-5PR2VCD9EJ,"Cliente: Buenas tardes, necesito consultar el saldo de mi tarjeta de crédito.

Agente: Buenas tardes, claro que sí. Déjeme revisar esa información. Su saldo actual es {monto} {moneda} y su límite disponible es de {limite} {moneda}.","Buenas tardes, necesito consultar el saldo de mi tarjeta de crédito.","Buenas tardes, claro que sí. Déjeme revisar esa información. Su saldo actual es {monto} {moneda} y su límite disponible es de {limite} {moneda}.",es,colombian,0.95,"banco, cuenta, servicio","{""account_numbers"": 0, ""dates"": 0, ""amounts"": 0, ""products"": ""Cuenta Ahorro""}",consulta_general,Transaccional,Whisper v3,,157.0
TRS-ETZUAO3OE2RZOP8W3S8J,INT-54JN29SVMDC6XOUZ,2026-06-10,CLI-2ARU64H5DSYF,AGT-H01EG2K29X,"Cliente: Buenas tardes, necesito consultar el saldo de mi tarjeta de crédito.

Agente: Buenas tardes, claro que sí. Déjeme revisar esa información. Su saldo actual es {monto} {moneda} y su límite disponible es de {limite} {moneda}.","Buenas tardes, necesito consultar el saldo de mi tarjeta de crédito.","Buenas tardes, claro que sí. Déjeme revisar esa información. Su saldo actual es {monto} {moneda} y su límite disponible es de {limite} {moneda}.",es,mexican,0.92,"servicio, banco, cuenta","{""account_numbers"": 1, ""dates"": 1, ""amounts"": 2, ""products"": ""Tarjeta Crédito""}",consulta_general,Transaccional,Azure Speech,High,174.0
TRS-QCTWU1I1Y59J9QM76PFC,INT-UAOVX5AE8NEA2F9I,2026-06-10,CLI-1FRNMPIMPVX8,AGT-VBPI4ZZ5XX,"Cliente: Hola, buenos días. Quisiera saber cuál es mi saldo actual en mi cuenta de ahorros.

Agente: Buenos días, con gusto le ayudo. Permítame un momento para verificar su saldo. Su saldo actual es de {monto} {moneda}.","Hola, buenos días. Quisiera saber cuál es mi saldo actual en mi cuenta de ahorros.","Buenos días, con gusto le ayudo. Permítame un momento para verificar su saldo. Su saldo actual es de {monto} {moneda}.",es,colombian,0.97,"cuenta, banco, servicio",,consulta_general,Queja,Whisper v3,High,355.0
TRS-0CW1KCVTYRYRTNNKIRPO,INT-LP25CIGGJHI0J4PJ,2026-06-10,CLI-MH1F0AC7DI9Z,AGT-XXSVZV4OUZ,"Cliente: Buenas tardes, necesito consultar el saldo de mi tarjeta de crédito.

Agente: Buenas tardes, claro que sí. Déjeme revisar esa información. Su saldo actual es {monto} {moneda} y su límite disponible es de {limite} {moneda}.

Cliente: Perfecto, eso es lo que necesitaba.

Agente: Perfecto, ¿necesita algo más?

Cliente: Entiendo, muchas gracias.

Agente: Perfecto, ¿necesita algo más?","Buenas tardes, necesito consultar el saldo de mi tarjeta de crédito. Perfecto, eso es lo que necesitaba. Entiendo, muchas gracias.","Buenas tardes, claro que sí. Déjeme revisar esa información. Su saldo actual es {monto} {moneda} y su límite disponible es de {limite} {moneda}. Perfecto, ¿necesita algo más? Perfecto, ¿necesita algo más?",es,,0.98,"banco, servicio",,consulta_general,Queja,AWS Transcribe,Low,
TRS-LH6BXMMEA4A4004GW0DU,INT-V1SYBXVF3NU7P4JJ,2026-06-10,CLI-GW1J1M2G9ED9,AGT-V9MAWPQ7HZ,"Cliente: Buenas tardes, necesito consultar el saldo de mi tarjeta de crédito.

Agente: Buenas tardes, claro que sí. Déjeme revisar esa información. Su saldo actual es {monto} {moneda} y su límite disponible es de {limite} {moneda}.","Buenas tardes, necesito consultar el saldo de mi tarjeta de crédito.","Buenas tardes, claro que sí. Déjeme revisar esa información. Su saldo actual es {monto} {moneda} y su límite disponible es de {limite} {moneda}.",es,,0.93,"cuenta, servicio, banco","{""account_numbers"": 1, ""dates"": 0, ""amounts"": 1, ""products"": ""Cuenta Ahorro""}",consulta_general,Técnico,Whisper v3,High,
TRS-6EPZJ8V7H56WYORGFFFT,INT-CFA2NR7IIZSFT7X9,2026-06-10,CLI-4S61RN0AKFLR,AGT-1283BYB67Y,"Cliente: Hola, buenos días. Quisiera saber cuál es mi saldo actual en mi cuenta de ahorros.

Agente: Buenos días, con gusto le ayudo. Permítame un momento para verificar su saldo. Su saldo actual es de {monto} {moneda}.

Cliente: Entiendo, muchas gracias.

Agente: Claro, estoy para servirle.

Cliente: Muy bien, ¿hay algo más que deba saber?

Agente: Claro, estoy para servirle.","Hola, buenos días. Quisiera saber cuál es mi saldo actual en mi cuenta de ahorros. Entiendo, muchas gracias. Muy bien, ¿hay algo más que deba saber?","Buenos días, con gusto le ayudo. Permítame un momento para verificar su saldo. Su saldo actual es de {monto} {moneda}. Claro, estoy para servirle. Claro, estoy para servirle.",es,colombian,,"cuenta, banco","{""account_numbers"": 2, ""dates"": 0, ""amounts"": 2, ""products"": null}",,Transaccional,Whisper v3,Medium,
TRS-QB58A9PKSADIVOGXCLTX,INT-CYK6Q51BAQJWGQYK,2026-06-10,CLI-HOXTLDOSN19P,AGT-CWR8ILK22F,"Cliente: Buenas tardes, necesito consultar el saldo de mi tarjeta de crédito.

Agente: Buenas tardes, claro que sí. Déjeme revisar esa información. Su saldo actual es {monto} {moneda} y su límite disponible es de {limite} {moneda}.","Buenas tardes, necesito consultar el saldo de mi tarjeta de crédito.","Buenas tardes, claro que sí. Déjeme revisar esa información. Su saldo actual es {monto} {moneda} y su límite disponible es de {limite} {moneda}.",es,,0.88,"cuenta, banco","{""account_numbers"": 2, ""dates"": 1, ""amounts"": 1, ""products"": ""Tarjeta Crédito""}",consulta_general,Queja,Azure Speech,Medium,326.0
TRS-YUIS6NSR3CGUZB3EONWO,INT-4YKK2J8D4VN8487O,2026-06-10,CLI-8RNURO5XI3AF,AGT-8DUEBHWDZS,"Cliente: Buenas tardes, necesito consultar el saldo de mi tarjeta de crédito.

Agente: Buenas tardes, claro que sí. Déjeme revisar esa información. Su saldo actual es {monto} {moneda} y su límite disponible es de {limite} {moneda}.

Cliente: Entiendo, muchas gracias.

Agente: No hay problema, que tenga buen día.

Cliente: ¿Y eso cuánto tiempo tarda?

Agente: Con gusto. ¿Hay algo más en lo que pueda ayudarle?","Buenas tardes, necesito consultar el saldo de mi tarjeta de crédito. Entiendo, muchas gracias. ¿Y eso cuánto tiempo tarda?","Buenas tardes, claro que sí. Déjeme revisar esa información. Su saldo actual es {monto} {moneda} y su límite disponible es de {limite} {moneda}. No hay problema, que tenga buen día. Con gusto. ¿Hay algo más en lo que pueda ayudarle?",es,mexican,0.8,"banco, cuenta, servicio",,consulta_general,Queja,Whisper v3,High,682.0
TRS-Z457CQKC57MMD8JNL6EX,INT-TMN2DAYMVI9YQPVZ,2026-06-10,CLI-3BJ0NRD102UJ,AGT-DELTRDO2X7,"Cliente: Buenas tardes, necesito consultar el saldo de mi tarjeta de crédito.

Agente: Buenas tardes, claro que sí. Déjeme revisar esa información. Su saldo actual es {monto} {moneda} y su límite disponible es de {limite} {moneda}.

Cliente: ¿Y eso cuánto tiempo tarda?

Agente: Claro, estoy para servirle.

Cliente: Perfecto, eso es lo que necesitaba.

Agente: Perfecto, ¿necesita algo más?","Buenas tardes, necesito consultar el saldo de mi tarjeta de crédito. ¿Y eso cuánto tiempo tarda? Perfecto, eso es lo que necesitaba.","Buenas tardes, claro que sí. Déjeme revisar esa información. Su saldo actual es {monto} {moneda} y su límite disponible es de {limite} {moneda}. Claro, estoy para servirle. Perfecto, ¿necesita algo más?",es,,0.89,"cuenta, servicio, banco","{""account_numbers"": 1, ""dates"": 1, ""amounts"": 2, ""products"": ""Cuenta Ahorro""}",consulta_general,Transaccional,Azure Speech,Medium,560.0
TRS-8O41GD8HL5GHQRXL0VOF,INT-C0B4FFDQPDBOVJVF,2026-06-10,CLI-B5ETS4RW992M,AGT-23RRHYZ3YU,"Cliente: Hola, buenos días. Quisiera saber cuál es mi saldo actual en mi cuenta de ahorros.

Agente: Buenos días, con gusto le ayudo. Permítame un momento para verificar su saldo. Su saldo actual es de {monto} {moneda}.","Hola, buenos días. Quisiera saber cuál es mi saldo actual en mi cuenta de ahorros.","Buenos días, con gusto le ayudo. Permítame un momento para verificar su saldo. Su saldo actual es de {monto} {moneda}.",es,,0.79,"servicio, cuenta, banco","{""account_numbers"": 2, ""dates"": 0, ""amounts"": 1, ""products"": null}",consulta_general,Transaccional,Google STT,High,277.0
TRS-KRR1CASAZSU54LF171K1,INT-PT1VZHL13PCFUC4L,2026-06-10,CLI-H3U41PHYX7U4,AGT-D3TOZG1Q4X,"Cliente: Hola, buenos días. Quisiera saber cuál es mi saldo actual en mi cuenta de ahorros.

Agente: Buenos días, con gusto le ayudo. Permítame un momento para verificar su saldo. Su saldo actual es de {monto} {moneda}.","Hola, buenos días. Quisiera saber cuál es mi saldo actual en mi cuenta de ahorros.","Buenos días, con gusto le ayudo. Permítame un momento para verificar su saldo. Su saldo actual es de {monto} {moneda}.",es,,0.78,"banco, cuenta","{""account_numbers"": 2, ""dates"": 0, ""amounts"": 1, ""products"": ""Cuenta Ahorro""}",consulta_general,Transaccional,AWS Transcribe,Medium,182.0
TRS-EGSRNAYIELB4BNFEC907,INT-2GNK9J44NU59S4QC,2026-06-10,CLI-XQZ9FNMTR1UO,AGT-3D7OE6TIIB,"Cliente: Buenas tardes, necesito consultar el saldo de mi tarjeta de crédito.

Agente: Buenas tardes, claro que sí. Déjeme revisar esa información. Su saldo actual es {monto} {moneda} y su límite disponible es de {limite} {moneda}.

Cliente: Muy bien, ¿hay algo más que deba saber?

Agente: Con gusto. ¿Hay algo más en lo que pueda ayudarle?

Cliente: Perfecto, eso es lo que necesitaba.

Agente: Perfecto, ¿necesita algo más?","Buenas tardes, necesito consultar el saldo de mi tarjeta de crédito. Muy bien, ¿hay algo más que deba saber? Perfecto, eso es lo que necesitaba.","Buenas tardes, claro que sí. Déjeme revisar esa información. Su saldo actual es {monto} {moneda} y su límite disponible es de {limite} {moneda}. Con gusto. ¿Hay algo más en lo que pueda ayudarle? Perfecto, ¿necesita algo más?",es,colombian,0.94,"banco, cuenta","{""account_numbers"": 2, ""dates"": 1, ""amounts"": 0, ""products"": null}",consulta_general,Comercial,Azure Speech,High,354.0
TRS-Y0P0W4MLIXABA6VHY7MP,INT-TJ7NG8EXB6UX5YC2,2026-06-10,CLI-2WCXXGDHFAI6,AGT-020055Q6ET,"Cliente: Buenas tardes, necesito consultar el saldo de mi tarjeta de crédito.

Agente: Buenas tardes, claro que sí. Déjeme revisar esa información. Su saldo actual es {monto} {moneda} y su límite disponible es de {limite} {moneda}.

Cliente: Muy bien, ¿hay algo más que deba saber?

Agente: Claro, estoy para servirle.","Buenas tardes, necesito consultar el saldo de mi tarjeta de crédito. Muy bien, ¿hay algo más que deba saber?","Buenas tardes, claro que sí. Déjeme revisar esa información. Su saldo actual es {monto} {moneda} y su límite disponible es de {limite} {moneda}. Claro, estoy para servirle.",es,,0.78,"cuenta, banco, servicio","{""account_numbers"": 0, ""dates"": 1, ""amounts"": 2, ""products"": ""Tarjeta Crédito""}",consulta_general,Transaccional,Google STT,Medium,323.0
TRS-PODAA4L1U7140J20U0LP,INT-BF79MXH57VFI0YPL,2026-06-10,CLI-HB6MRYZ57NL6,AGT-P7EOOA2P5S,"Cliente: Buenas tardes, necesito consultar el saldo de mi tarjeta de crédito.

Agente: Buenas tardes, claro que sí. Déjeme revisar esa información. Su saldo actual es {monto} {moneda} y su límite disponible es de {limite} {moneda}.

Cliente: ¿Y eso cuánto tiempo tarda?

Agente: Con gusto. ¿Hay algo más en lo que pueda ayudarle?

Cliente: Perfecto, eso es lo que necesitaba.

Agente: Claro, estoy para servirle.","Buenas tardes, necesito consultar el saldo de mi tarjeta de crédito. ¿Y eso cuánto tiempo tarda? Perfecto, eso es lo que necesitaba.","Buenas tardes, claro que sí. Déjeme revisar esa información. Su saldo actual es {monto} {moneda} y su límite disponible es de {limite} {moneda}. Con gusto. ¿Hay algo más en lo que pueda ayudarle? Claro, estoy para servirle.",es,colombian,0.85,"cuenta, banco, servicio","{""account_numbers"": 2, ""dates"": 1, ""amounts"": 1, ""products"": ""Cuenta Ahorro""}",consulta_general,Producto,Google STT,High,286.0
TRS-1IJ8N48369EFNCXKJ8I8,INT-YJG394TKP6YBZER8,2026-06-10,CLI-EB3V0C9HT5WN,AGT-8QTE3U97HH,"Cliente: Buenas tardes, necesito consultar el saldo de mi tarjeta de crédito.

Agente: Buenas tardes, claro que sí. Déjeme revisar esa información. Su saldo actual es {monto} {moneda} y su límite disponible es de {limite} {moneda}.

Cliente: Entiendo, muchas gracias.

Agente: Claro, estoy para servirle.","Buenas tardes, necesito consultar el saldo de mi tarjeta de crédito. Entiendo, muchas gracias.","Buenas tardes, claro que sí. Déjeme revisar esa información. Su saldo actual es {monto} {moneda} y su límite disponible es de {limite} {moneda}. Claro, estoy para servirle.",es,argentine,0.85,"cuenta, servicio","{""account_numbers"": 2, ""dates"": 1, ""amounts"": 0, ""products"": null}",consulta_general,Transaccional,Whisper v3,Medium,235.0
TRS-NKB0UC0SJQ9LO7JINI3X,INT-5G8LT61BBCNIBOE7,2026-06-10,CLI-Q9FI1O3BRIBN,AGT-WHFAP66CQ9,"Cliente: Buenas tardes, necesito consultar el saldo de mi tarjeta de crédito.

Agente: Buenas tardes, claro que sí. Déjeme revisar esa información. Su saldo actual es {monto} {moneda} y su límite disponible es de {limite} {moneda}.

Cliente: Muy bien, ¿hay algo más que deba saber?

Agente: Perfecto, ¿necesita algo más?

Cliente: Muy bien, ¿hay algo más que deba saber?

Agente: Perfecto, ¿necesita algo más?","Buenas tardes, necesito consultar el saldo de mi tarjeta de crédito. Muy bien, ¿hay algo más que deba saber? Muy bien, ¿hay algo más que deba saber?","Buenas tardes, claro que sí. Déjeme revisar esa información. Su saldo actual es {monto} {moneda} y su límite disponible es de {limite} {moneda}. Perfecto, ¿necesita algo más? Perfecto, ¿necesita algo más?",es,argentine,0.91,,"{""account_numbers"": 1, ""dates"": 1, ""amounts"": 2, ""products"": ""Tarjeta Crédito""}",consulta_general,Queja,Whisper v3,High,562.0
TRS-1SINKVBDSYQUV82LJYR1,INT-G2XHKN82R2XH7ECK,2026-06-10,CLI-O2T6JQ2WE2K6,AGT-FA8XFVJ1ZU,"Cliente: Hola, buenos días. Quisiera saber cuál es mi saldo actual en mi cuenta de ahorros.

Agente: Buenos días, con gusto le ayudo. Permítame un momento para verificar su saldo. Su saldo actual es de {monto} {moneda}.

Cliente: Muy bien, ¿hay algo más que deba saber?

Agente: Perfecto, ¿necesita algo más?

Cliente: ¿Y eso cuánto tiempo tarda?

Agente: Perfecto, ¿necesita algo más?","Hola, buenos días. Quisiera saber cuál es mi saldo actual en mi cuenta de ahorros. Muy bien, ¿hay algo más que deba saber? ¿Y eso cuánto tiempo tarda?","Buenos días, con gusto le ayudo. Permítame un momento para verificar su saldo. Su saldo actual es de {monto} {moneda}. Perfecto, ¿necesita algo más? Perfecto, ¿necesita algo más?",es,colombian,0.95,"banco, cuenta, servicio","{""account_numbers"": 0, ""dates"": 1, ""amounts"": 0, ""products"": ""Cuenta Ahorro""}",consulta_general,Transaccional,AWS Transcribe,High,171.0
TRS-P3I3G7XVXD1KSGMPXJS0,INT-9EG6L0UYFSDG2E8F,2026-06-10,CLI-8QVXIGL8SHOE,AGT-TNHZ3RSZAP,"Cliente: Buenas tardes, necesito consultar el saldo de mi tarjeta de crédito.

Agente: Buenas tardes, claro que sí. Déjeme revisar esa información. Su saldo actual es {monto} {moneda} y su límite disponible es de {limite} {moneda}.

Cliente: Entiendo, muchas gracias.

Agente: Claro, estoy para servirle.","Buenas tardes, necesito consultar el saldo de mi tarjeta de crédito. Entiendo, muchas gracias.","Buenas tardes, claro que sí. Déjeme revisar esa información. Su saldo actual es {monto} {moneda} y su límite disponible es de {limite} {moneda}. Claro, estoy para servirle.",es,,0.84,"servicio, cuenta, banco","{""account_numbers"": 1, ""dates"": 1, ""amounts"": 1, ""products"": ""Cuenta Ahorro""}",consulta_general,Producto,Google STT,High,341.0
TRS-TS8GZHP9K299L6LM5JNJ,INT-1ONMUP7JTG4WPLX6,2026-06-10,CLI-2DII0RZWAXG8,AGT-AV2TPW9VGR,"Cliente: Hola, buenos días. Quisiera saber cuál es mi saldo actual en mi cuenta de ahorros.

Agente: Buenos días, con gusto le ayudo. Permítame un momento para verificar su saldo. Su saldo actual es de {monto} {moneda}.","Hola, buenos días. Quisiera saber cuál es mi saldo actual en mi cuenta de ahorros.","Buenos días, con gusto le ayudo. Permítame un momento para verificar su saldo. Su saldo actual es de {monto} {moneda}.",es,argentine,0.99,"banco, servicio, cuenta","{""account_numbers"": 0, ""dates"": 0, ""amounts"": 1, ""products"": ""Cuenta Ahorro""}",consulta_general,Comercial,Google STT,High,764.0
TRS-T8T0YB5YZHRN8CGG1DPE,INT-9IWI100USPCTK64F,2026-06-10,CLI-FZR0HGQRZKPQ,AGT-E2Y5OZOV43,"Cliente: Hola, buenos días. Quisiera saber cuál es mi saldo actual en mi cuenta de ahorros.

Agente: Buenos días, con gusto le ayudo. Permítame un momento para verificar su saldo. Su saldo actual es de {monto} {moneda}.

Cliente: Muy bien, ¿hay algo más que deba saber?

Agente: No hay problema, que tenga buen día.

Cliente: Entiendo, muchas gracias.

Agente: Claro, estoy para servirle.","Hola, buenos días. Quisiera saber cuál es mi saldo actual en mi cuenta de ahorros. Muy bien, ¿hay algo más que deba saber? Entiendo, muchas gracias.","Buenos días, con gusto le ayudo. Permítame un momento para verificar su saldo. Su saldo actual es de {monto} {moneda}. No hay problema, que tenga buen día. Claro, estoy para servirle.",es,colombian,0.95,"servicio, cuenta, banco","{""account_numbers"": 0, ""dates"": 0, ""amounts"": 0, ""products"": null}",consulta_general,Transaccional,Azure Speech,High,200.0
TRS-DGX9ITAH89D7Y89LIPKL,INT-CUL6XZOANGY1QZ8F,2026-06-10,CLI-30K1JU34Z6GO,AGT-8S2BFYRBVR,"Cliente: Hola, buenos días. Quisiera saber cuál es mi saldo actual en mi cuenta de ahorros.

Agente: Buenos días, con gusto le ayudo. Permítame un momento para verificar su saldo. Su saldo actual es de {monto} {moneda}.","Hola, buenos días. Quisiera saber cuál es mi saldo actual en mi cuenta de ahorros.","Buenos días, con gusto le ayudo. Permítame un momento para verificar su saldo. Su saldo actual es de {monto} {moneda}.",es,,0.9,"banco, cuenta","{""account_numbers"": 1, ""dates"": 1, ""amounts"": 2, ""products"": null}",consulta_general,Transaccional,Google STT,High,176.0
TRS-H2IKD3SW230S0RSF1122,INT-AC6QZSK2Z6TS1SDF,2026-06-10,CLI-7964M69WN30R,AGT-1DX9VKAHY8,"Cliente: Hola, buenos días. Quisiera saber cuál es mi saldo actual en mi cuenta de ahorros.

Agente: Buenos días, con gusto le ayudo. Permítame un momento para verificar su saldo. Su saldo actual es de {monto} {moneda}.","Hola, buenos días. Quisiera saber cuál es mi saldo actual en mi cuenta de ahorros.","Buenos días, con gusto le ayudo. Permítame un momento para verificar su saldo. Su saldo actual es de {monto} {moneda}.",es,colombian,0.81,"banco, servicio, cuenta","{""account_numbers"": 1, ""dates"": 1, ""amounts"": 0, ""products"": null}",consulta_general,Producto,Google STT,Medium,402.0
TRS-Q55EDQ418908GJ85JT2K,INT-6IRA63RIMCO6WICM,2026-06-10,CLI-G4I37DKQNOPV,AGT-U6IOVO18F3,"Cliente: Buenas tardes, necesito consultar el saldo de mi tarjeta de crédito.

Agente: Buenas tardes, claro que sí. Déjeme revisar esa información. Su saldo actual es {monto} {moneda} y su límite disponible es de {limite} {moneda}.","Buenas tardes, necesito consultar el saldo de mi tarjeta de crédito.","Buenas tardes, claro que sí. Déjeme revisar esa información. Su saldo actual es {monto} {moneda} y su límite disponible es de {limite} {moneda}.",es,,0.89,"banco, cuenta","{""account_numbers"": 2, ""dates"": 0, ""amounts"": 1, ""products"": ""Cuenta Ahorro""}",consulta_general,Transaccional,Google STT,,223.0
TRS-GPHLE4JXFOGW64B3NIV6,INT-8M8I2ZQJG4UIYJF1,2026-06-10,CLI-47UE6CZR4IMI,AGT-QV4LVAPTDM,"Cliente: Hola, buenos días. Quisiera saber cuál es mi saldo actual en mi cuenta de ahorros.

Agente: Buenos días, con gusto le ayudo. Permítame un momento para verificar su saldo. Su saldo actual es de {monto} {moneda}.","Hola, buenos días. Quisiera saber cuál es mi saldo actual en mi cuenta de ahorros.","Buenos días, con gusto le ayudo. Permítame un momento para verificar su saldo. Su saldo actual es de {monto} {moneda}.",es,mexican,0.96,"cuenta, banco","{""account_numbers"": 1, ""dates"": 0, ""amounts"": 2, ""products"": ""Cuenta Ahorro""}",consulta_general,Técnico,AWS Transcribe,High,303.0
TRS-IRZW79WICY6CLWVTVLFS,INT-Q6BOOSPLT8IM0HNC,2026-06-10,CLI-M1PJY7O8WQXQ,AGT-6OR4WMM8YS,"Cliente: Buenas tardes, necesito consultar el saldo de mi tarjeta de crédito.

Agente: Buenas tardes, claro que sí. Déjeme revisar esa información. Su saldo actual es {monto} {moneda} y su límite disponible es de {limite} {moneda}.","Buenas tardes, necesito consultar el saldo de mi tarjeta de crédito.","Buenas tardes, claro que sí. Déjeme revisar esa información. Su saldo actual es {monto} {moneda} y su límite disponible es de {limite} {moneda}.",es,mexican,0.84,"banco, servicio, cuenta","{""account_numbers"": 0, ""dates"": 1, ""amounts"": 1, ""products"": ""Cuenta Ahorro""}",consulta_general,Comercial,AWS Transcribe,High,602.0
TRS-F4XP04U6XV6UYV3TNO47,INT-R5CNX7CTF7FYAS71,2026-06-10,CLI-UNW6WZENYOGX,AGT-H4A9IXOK25,"Cliente: Hola, buenos días. Quisiera saber cuál es mi saldo actual en mi cuenta de ahorros.

Agente: Buenos días, con gusto le ayudo. Permítame un momento para verificar su saldo. Su saldo actual es de {monto} {moneda}.

Cliente: ¿Y eso cuánto tiempo tarda?

Agente: No hay problema, que tenga buen día.

Cliente: Entiendo, muchas gracias.

Agente: No hay problema, que tenga buen día.","Hola, buenos días. Quisiera saber cuál es mi saldo actual en mi cuenta de ahorros. ¿Y eso cuánto tiempo tarda? Entiendo, muchas gracias.","Buenos días, con gusto le ayudo. Permítame un momento para verificar su saldo. Su saldo actual es de {monto} {moneda}. No hay problema, que tenga buen día. No hay problema, que tenga buen día.",es,colombian,0.85,"banco, cuenta, servicio",,consulta_general,Producto,Azure Speech,High,195.0
TRS-U9BJZLDRAF5V0OULQZJE,INT-SLPHFJX3WJX6U10F,2026-06-10,CLI-125BD6ZQV4ZC,AGT-Q5C8JMF7AE,"Cliente: Hola, buenos días. Quisiera saber cuál es mi saldo actual en mi cuenta de ahorros.

Agente: Buenos días, con gusto le ayudo. Permítame un momento para verificar su saldo. Su saldo actual es de {monto} {moneda}.","Hola, buenos días. Quisiera saber cuál es mi saldo actual en mi cuenta de ahorros.","Buenos días, con gusto le ayudo. Permítame un momento para verificar su saldo. Su saldo actual es de {monto} {moneda}.",es,,0.96,"servicio, cuenta, banco","{""account_numbers"": 2, ""dates"": 1, ""amounts"": 1, ""products"": ""Tarjeta Crédito""}",consulta_general,Técnico,Google STT,High,523.0
TRS-ESUPL3PHUYU7B8B33COY,INT-LNF25HZ22UEBQSJD,2026-06-10,CLI-0TD98V5BEBL2,AGT-RM928J5EOG,"Cliente: Hola, buenos días. Quisiera saber cuál es mi saldo actual en mi cuenta de ahorros.

Agente: Buenos días, con gusto le ayudo. Permítame un momento para verificar su saldo. Su saldo actual es de {monto} {moneda}.","Hola, buenos días. Quisiera saber cuál es mi saldo actual en mi cuenta de ahorros.","Buenos días, con gusto le ayudo. Permítame un momento para verificar su saldo. Su saldo actual es de {monto} {moneda}.",es,,0.89,"servicio, banco, cuenta","{""account_numbers"": 0, ""dates"": 0, ""amounts"": 1, ""products"": ""Cuenta Ahorro""}",consulta_general,Transaccional,Azure Speech,,100.0
TRS-52D087RWMHJ42BTM131X,INT-GJD2J4WFZ40JTJ2O,2026-06-10,CLI-T4ZTQACRSAU4,AGT-RQYFERL0UI,"Cliente: Buenas tardes, necesito consultar el saldo de mi tarjeta de crédito.

Agente: Buenas tardes, claro que sí. Déjeme revisar esa información. Su saldo actual es {monto} {moneda} y su límite disponible es de {limite} {moneda}.","Buenas tardes, necesito consultar el saldo de mi tarjeta de crédito.","Buenas tardes, claro que sí. Déjeme revisar esa información. Su saldo actual es {monto} {moneda} y su límite disponible es de {limite} {moneda}.",es,,0.82,"cuenta, servicio",,consulta_general,Queja,Google STT,High,
TRS-VPFRYFN1X6XKPMZ2R3N9,INT-Z951F4OOBQOLBRO7,2026-06-10,CLI-F8UQNVZIDTL2,AGT-ABK5SY60XE,"Cliente: Hola, buenos días. Quisiera saber cuál es mi saldo actual en mi cuenta de ahorros.

Agente: Buenos días, con gusto le ayudo. Permítame un momento para verificar su saldo. Su saldo actual es de {monto} {moneda}.","Hola, buenos días. Quisiera saber cuál es mi saldo actual en mi cuenta de ahorros.","Buenos días, con gusto le ayudo. Permítame un momento para verificar su saldo. Su saldo actual es de {monto} {moneda}.",es,,0.88,"cuenta, banco","{""account_numbers"": 0, ""dates"": 0, ""amounts"": 2, ""products"": ""Tarjeta Crédito""}",consulta_general,Queja,Google STT,High,409.0
TRS-FJUOQUU2WWI3S57GEEZQ,INT-LJJGL2ZSHLI35L51,2026-06-10,CLI-U60GSSV1KSKD,AGT-155PP3L6XE,"Cliente: Hola, buenos días. Quisiera saber cuál es mi saldo actual en mi cuenta de ahorros.

Agente: Buenos días, con gusto le ayudo. Permítame un momento para verificar su saldo. Su saldo actual es de {monto} {moneda}.

Cliente: Entiendo, muchas gracias.

Agente: No hay problema, que tenga buen día.

Cliente: Muy bien, ¿hay algo más que deba saber?

Agente: Perfecto, ¿necesita algo más?","Hola, buenos días. Quisiera saber cuál es mi saldo actual en mi cuenta de ahorros. Entiendo, muchas gracias. Muy bien, ¿hay algo más que deba saber?","Buenos días, con gusto le ayudo. Permítame un momento para verificar su saldo. Su saldo actual es de {monto} {moneda}. No hay problema, que tenga buen día. Perfecto, ¿necesita algo más?",es,,0.78,"servicio, cuenta","{""account_numbers"": 0, ""dates"": 0, ""amounts"": 1, ""products"": null}",consulta_general,Producto,Whisper v3,High,155.0
TRS-QYEW812XIPZU91OHVACS,INT-I9BUEAO4O84INAMH,2026-06-10,CLI-4ZS6I36QQ4VR,AGT-QJDRG08QEG,"Cliente: Buenas tardes, necesito consultar el saldo de mi tarjeta de crédito.

Agente: Buenas tardes, claro que sí. Déjeme revisar esa información. Su saldo actual es {monto} {moneda} y su límite disponible es de {limite} {moneda}.","Buenas tardes, necesito consultar el saldo de mi tarjeta de crédito.","Buenas tardes, claro que sí. Déjeme revisar esa información. Su saldo actual es {monto} {moneda} y su límite disponible es de {limite} {moneda}.",es,colombian,0.87,"servicio, cuenta, banco","{""account_numbers"": 1, ""dates"": 0, ""amounts"": 2, ""products"": ""Tarjeta Crédito""}",consulta_general,Transaccional,Azure Speech,High,353.0
TRS-Z0CEU3FHYS2QSM2PZ9TU,INT-3AKCP2ZXKK1T1H0Z,2026-06-10,CLI-6WO3K8CQ4V8N,AGT-JSX5PQZSR1,"Cliente: Buenas tardes, necesito consultar el saldo de mi tarjeta de crédito.

Agente: Buenas tardes, claro que sí. Déjeme revisar esa información. Su saldo actual es {monto} {moneda} y su límite disponible es de {limite} {moneda}.","Buenas tardes, necesito consultar el saldo de mi tarjeta de crédito.","Buenas tardes, claro que sí. Déjeme revisar esa información. Su saldo actual es {monto} {moneda} y su límite disponible es de {limite} {moneda}.",es,argentine,0.8,"servicio, banco","{""account_numbers"": 1, ""dates"": 0, ""amounts"": 2, ""products"": ""Cuenta Ahorro""}",consulta_general,Producto,AWS Transcribe,High,139.0
TRS-1SYMH7OBD6EHDSGU1XJR,INT-O1JOG4EQVUK5WIVZ,2026-06-10,CLI-Z0O8SJ9JKK1I,AGT-PK5PH38NS1,"Cliente: Buenas tardes, necesito consultar el saldo de mi tarjeta de crédito.

Agente: Buenas tardes, claro que sí. Déjeme revisar esa información. Su saldo actual es {monto} {moneda} y su límite disponible es de {limite} {moneda}.","Buenas tardes, necesito consultar el saldo de mi tarjeta de crédito.","Buenas tardes, claro que sí. Déjeme revisar esa información. Su saldo actual es {monto} {moneda} y su límite disponible es de {limite} {moneda}.",es,,0.8,"banco, cuenta","{""account_numbers"": 2, ""dates"": 1, ""amounts"": 1, ""products"": ""Cuenta Ahorro""}",consulta_general,Queja,Whisper v3,High,352.0
TRS-5RPSX1OYOXJOTPY31UO4,INT-8KH1YE6AJ5WRIBV6,2026-06-10,CLI-39Y1PAG2OG0G,AGT-JSX5PQZSR1,"Cliente: Buenas tardes, necesito consultar el saldo de mi tarjeta de crédito.

Agente: Buenas tardes, claro que sí. Déjeme revisar esa información. Su saldo actual es {monto} {moneda} y su límite disponible es de {limite} {moneda}.","Buenas tardes, necesito consultar el saldo de mi tarjeta de crédito.","Buenas tardes, claro que sí. Déjeme revisar esa información. Su saldo actual es {monto} {moneda} y su límite disponible es de {limite} {moneda}.",es,argentine,0.8,"banco, cuenta, servicio","{""account_numbers"": 2, ""dates"": 0, ""amounts"": 2, ""products"": ""Tarjeta Crédito""}",consulta_general,Producto,Azure Speech,High,398.0
TRS-W0H81E53TJ1MIUAKFKS4,INT-DL1RM3GG4SRHZJEU,2026-06-10,CLI-D4FYQICTML9W,AGT-A8JC05Z7T5,"Cliente: Hola, buenos días. Quisiera saber cuál es mi saldo actual en mi cuenta de ahorros.

Agente: Buenos días, con gusto le ayudo. Permítame un momento para verificar su saldo. Su saldo actual es de {monto} {moneda}.

Cliente: ¿Y eso cuánto tiempo tarda?

Agente: Con gusto. ¿Hay algo más en lo que pueda ayudarle?","Hola, buenos días. Quisiera saber cuál es mi saldo actual en mi cuenta de ahorros. ¿Y eso cuánto tiempo tarda?","Buenos días, con gusto le ayudo. Permítame un momento para verificar su saldo. Su saldo actual es de {monto} {moneda}. Con gusto. ¿Hay algo más en lo que pueda ayudarle?",es,colombian,0.79,"servicio, banco, cuenta","{""account_numbers"": 2, ""dates"": 1, ""amounts"": 1, ""products"": ""Cuenta Ahorro""}",consulta_general,Comercial,AWS Transcribe,Low,
TRS-YFF434UUKABB34H2SJYL,INT-E4G5CSZJSWJASY8U,2026-06-10,CLI-ZL2IV6CL2HMU,AGT-1YCIZJAO9N,"Cliente: Buenas tardes, necesito consultar el saldo de mi tarjeta de crédito.

Agente: Buenas tardes, claro que sí. Déjeme revisar esa información. Su saldo actual es {monto} {moneda} y su límite disponible es de {limite} {moneda}.","Buenas tardes, necesito consultar el saldo de mi tarjeta de crédito.","Buenas tardes, claro que sí. Déjeme revisar esa información. Su saldo actual es {monto} {moneda} y su límite disponible es de {limite} {moneda}.",es,mexican,0.83,"banco, servicio","{""account_numbers"": 1, ""dates"": 1, ""amounts"": 1, ""products"": ""Cuenta Ahorro""}",consulta_general,Producto,Google STT,High,184.0
TRS-8A1ZLBEJ31LFHZN8JNLX,INT-IKJVPS9HB3HLDAJM,2026-06-10,CLI-O3KAGYILW38E,AGT-SBUNV1M04D,"Cliente: Hola, buenos días. Quisiera saber cuál es mi saldo actual en mi cuenta de ahorros.

Agente: Buenos días, con gusto le ayudo. Permítame un momento para verificar su saldo. Su saldo actual es de {monto} {moneda}.

Cliente: Entiendo, muchas gracias.

Agente: Con gusto. ¿Hay algo más en lo que pueda ayudarle?

Cliente: Entiendo, muchas gracias.

Agente: No hay problema, que tenga buen día.","Hola, buenos días. Quisiera saber cuál es mi saldo actual en mi cuenta de ahorros. Entiendo, muchas gracias. Entiendo, muchas gracias.","Buenos días, con gusto le ayudo. Permítame un momento para verificar su saldo. Su saldo actual es de {monto} {moneda}. Con gusto. ¿Hay algo más en lo que pueda ayudarle? No hay problema, que tenga buen día.",es,argentine,,"servicio, banco, cuenta","{""account_numbers"": 2, ""dates"": 1, ""amounts"": 2, ""products"": ""Tarjeta Crédito""}",consulta_general,Técnico,Azure Speech,High,183.0
TRS-B863DO6ANDIR4I8S8IJ8,INT-8CTVJPQFZ49KYINX,2026-06-10,CLI-HQHHBHUCGEQO,AGT-SBUNV1M04D,"Cliente: Hola, buenos días. Quisiera saber cuál es mi saldo actual en mi cuenta de ahorros.

Agente: Buenos días, con gusto le ayudo. Permítame un momento para verificar su saldo. Su saldo actual es de {monto} {moneda}.

Cliente: ¿Y eso cuánto tiempo tarda?

Agente: Claro, estoy para servirle.","Hola, buenos días. Quisiera saber cuál es mi saldo actual en mi cuenta de ahorros. ¿Y eso cuánto tiempo tarda?","Buenos días, con gusto le ayudo. Permítame un momento para verificar su saldo. Su saldo actual es de {monto} {moneda}. Claro, estoy para servirle.",es,,0.83,"cuenta, banco, servicio","{""account_numbers"": 1, ""dates"": 0, ""amounts"": 0, ""products"": ""Cuenta Ahorro""}",consulta_general,Queja,Azure Speech,Medium,353.0
TRS-FOJNFFXXE6HMWJR7W1UI,INT-86T8YIQ4N024XFTN,2026-06-10,CLI-ST4QE1IPJKTZ,AGT-87FD5U93RA,"Cliente: Buenas tardes, necesito consultar el saldo de mi tarjeta de crédito.

Agente: Buenas tardes, claro que sí. Déjeme revisar esa información. Su saldo actual es {monto} {moneda} y su límite disponible es de {limite} {moneda}.

Cliente: ¿Y eso cuánto tiempo tarda?

Agente: Perfecto, ¿necesita algo más?

Cliente: Entiendo, muchas gracias.

Agente: Claro, estoy para servirle.","Buenas tardes, necesito consultar el saldo de mi tarjeta de crédito. ¿Y eso cuánto tiempo tarda? Entiendo, muchas gracias.","Buenas tardes, claro que sí. Déjeme revisar esa información. Su saldo actual es {monto} {moneda} y su límite disponible es de {limite} {moneda}. Perfecto, ¿necesita algo más? Claro, estoy para servirle.",es,colombian,0.95,"banco, servicio, cuenta","{""account_numbers"": 1, ""dates"": 1, ""amounts"": 0, ""products"": ""Cuenta Ahorro""}",consulta_general,Producto,Azure Speech,High,157.0
TRS-4MZ97H074FR2L93L2S4T,INT-0AX7HBCHJ6FLXJCF,2026-06-10,CLI-VFDWZW3NHD3M,AGT-L0XIIP9UA9,"Cliente: Buenas tardes, necesito consultar el saldo de mi tarjeta de crédito.

Agente: Buenas tardes, claro que sí. Déjeme revisar esa información. Su saldo actual es {monto} {moneda} y su límite disponible es de {limite} {moneda}.

Cliente: Entiendo, muchas gracias.

Agente: No hay problema, que tenga buen día.","Buenas tardes, necesito consultar el saldo de mi tarjeta de crédito. Entiendo, muchas gracias.","Buenas tardes, claro que sí. Déjeme revisar esa información. Su saldo actual es {monto} {moneda} y su límite disponible es de {limite} {moneda}. No hay problema, que tenga buen día.",es,,0.79,"servicio, banco, cuenta","{""account_numbers"": 2, ""dates"": 0, ""amounts"": 0, ""products"": ""Cuenta Ahorro""}",consulta_general,Transaccional,AWS Transcribe,Medium,239.0
TRS-QDUBLZ8ZR68VWOFHIXZ6,INT-730G5OG4HNA5HG59,2026-06-10,CLI-WT2O6WLXFN7U,AGT-VPHYTUW0MQ,"Cliente: Hola, buenos días. Quisiera saber cuál es mi saldo actual en mi cuenta de ahorros.

Agente: Buenos días, con gusto le ayudo. Permítame un momento para verificar su saldo. Su saldo actual es de {monto} {moneda}.","Hola, buenos días. Quisiera saber cuál es mi saldo actual en mi cuenta de ahorros.","Buenos días, con gusto le ayudo. Permítame un momento para verificar su saldo. Su saldo actual es de {monto} {moneda}.",es,,0.97,"banco, servicio, cuenta","{""account_numbers"": 2, ""dates"": 0, ""amounts"": 0, ""products"": ""Tarjeta Crédito""}",consulta_general,Técnico,Google STT,Medium,393.0
TRS-587EUYBD74QGTTFFA7SP,INT-9PNJ0DLQO0ORAAWS,2026-06-10,CLI-PHXTXE75LRCQ,AGT-S4C0O1TFL0,"Cliente: Hola, buenos días. Quisiera saber cuál es mi saldo actual en mi cuenta de ahorros.

Agente: Buenos días, con gusto le ayudo. Permítame un momento para verificar su saldo. Su saldo actual es de {monto} {moneda}.

Cliente: Entiendo, muchas gracias.

Agente: Claro, estoy para servirle.

Cliente: Muy bien, ¿hay algo más que deba saber?

Agente: Con gusto. ¿Hay algo más en lo que pueda ayudarle?","Hola, buenos días. Quisiera saber cuál es mi saldo actual en mi cuenta de ahorros. Entiendo, muchas gracias. Muy bien, ¿hay algo más que deba saber?","Buenos días, con gusto le ayudo. Permítame un momento para verificar su saldo. Su saldo actual es de {monto} {moneda}. Claro, estoy para servirle. Con gusto. ¿Hay algo más en lo que pueda ayudarle?",es,mexican,0.86,"servicio, banco, cuenta","{""account_numbers"": 0, ""dates"": 1, ""amounts"": 1, ""products"": ""Cuenta Ahorro""}",consulta_general,Queja,AWS Transcribe,High,
TRS-IAOMUIC7WUYVACSNY0QK,INT-2T4FE0H13ABNTS7C,2026-06-10,CLI-O0ALQ3J42ZSM,AGT-1CPJD4QLU7,"Cliente: Buenas tardes, necesito consultar el saldo de mi tarjeta de crédito.

Agente: Buenas tardes, claro que sí. Déjeme revisar esa información. Su saldo actual es {monto} {moneda} y su límite disponible es de {limite} {moneda}.","Buenas tardes, necesito consultar el saldo de mi tarjeta de crédito.","Buenas tardes, claro que sí. Déjeme revisar esa información. Su saldo actual es {monto} {moneda} y su límite disponible es de {limite} {moneda}.",es,,0.95,"servicio, cuenta","{""account_numbers"": 2, ""dates"": 1, ""amounts"": 0, ""products"": ""Cuenta Ahorro""}",consulta_general,Producto,Azure Speech,Medium,282.0
TRS-42716T0PPM98SPJ483MI,INT-IO5ZTHKQO6TW9C66,2026-06-10,CLI-FXTERMO81TGC,AGT-OOEUK3E94D,"Cliente: Hola, buenos días. Quisiera saber cuál es mi saldo actual en mi cuenta de ahorros.

Agente: Buenos días, con gusto le ayudo. Permítame un momento para verificar su saldo. Su saldo actual es de {monto} {moneda}.

Cliente: Perfecto, eso es lo que necesitaba.

Agente: Con gusto. ¿Hay algo más en lo que pueda ayudarle?

Cliente: Entiendo, muchas gracias.

Agente: Con gusto. ¿Hay algo más en lo que pueda ayudarle?","Hola, buenos días. Quisiera saber cuál es mi saldo actual en mi cuenta de ahorros. Perfecto, eso es lo que necesitaba. Entiendo, muchas gracias.","Buenos días, con gusto le ayudo. Permítame un momento para verificar su saldo. Su saldo actual es de {monto} {moneda}. Con gusto. ¿Hay algo más en lo que pueda ayudarle? Con gusto. ¿Hay algo más en lo que pueda ayudarle?",es,mexican,0.94,"servicio, cuenta, banco","{""account_numbers"": 1, ""dates"": 0, ""amounts"": 2, ""products"": ""Tarjeta Crédito""}",,Comercial,AWS Transcribe,High,674.0
TRS-6FCB1843S16SYZ5YVOZ1,INT-9M3ZXQIVYAZJS6LH,2026-06-10,CLI-9DKXLQ61RDF8,AGT-UX3Z61ZNLY,"Cliente: Hola, buenos días. Quisiera saber cuál es mi saldo actual en mi cuenta de ahorros.

Agente: Buenos días, con gusto le ayudo. Permítame un momento para verificar su saldo. Su saldo actual es de {monto} {moneda}.

Cliente: ¿Y eso cuánto tiempo tarda?

Agente: Con gusto. ¿Hay algo más en lo que pueda ayudarle?","Hola, buenos días. Quisiera saber cuál es mi saldo actual en mi cuenta de ahorros. ¿Y eso cuánto tiempo tarda?","Buenos días, con gusto le ayudo. Permítame un momento para verificar su saldo. Su saldo actual es de {monto} {moneda}. Con gusto. ¿Hay algo más en lo que pueda ayudarle?",es,mexican,0.94,"servicio, cuenta, banco","{""account_numbers"": 1, ""dates"": 1, ""amounts"": 0, ""products"": ""Tarjeta Crédito""}",,Comercial,AWS Transcribe,High,
TRS-QEPXDEGHSJ098SX6ZRPS,INT-WZWZ7DIWIFOISQHP,2026-06-10,CLI-3A88PWUQ19HZ,AGT-Z417DGG0UF,"Cliente: Buenas tardes, necesito consultar el saldo de mi tarjeta de crédito.

Agente: Buenas tardes, claro que sí. Déjeme revisar esa información. Su saldo actual es {monto} {moneda} y su límite disponible es de {limite} {moneda}.

Cliente: Perfecto, eso es lo que necesitaba.

Agente: Perfecto, ¿necesita algo más?","Buenas tardes, necesito consultar el saldo de mi tarjeta de crédito. Perfecto, eso es lo que necesitaba.","Buenas tardes, claro que sí. Déjeme revisar esa información. Su saldo actual es {monto} {moneda} y su límite disponible es de {limite} {moneda}. Perfecto, ¿necesita algo más?",es,,0.93,"banco, cuenta","{""account_numbers"": 0, ""dates"": 1, ""amounts"": 0, ""products"": ""Tarjeta Crédito""}",consulta_general,Transaccional,Whisper v3,High,
TRS-20ZMALVL7WTMHSZYPBZE,INT-3Q0ZSLUTFBQ6VSXO,2026-06-10,CLI-7GDTZO3HTOIW,AGT-RFSAWCKQ3R,"Cliente: Hola, buenos días. Quisiera saber cuál es mi saldo actual en mi cuenta de ahorros.

Agente: Buenos días, con gusto le ayudo. Permítame un momento para verificar su saldo. Su saldo actual es de {monto} {moneda}.

Cliente: Muy bien, ¿hay algo más que deba saber?

Agente: Perfecto, ¿necesita algo más?

Cliente: Perfecto, eso es lo que necesitaba.

Agente: Claro, estoy para servirle.","Hola, buenos días. Quisiera saber cuál es mi saldo actual en mi cuenta de ahorros. Muy bien, ¿hay algo más que deba saber? Perfecto, eso es lo que necesitaba.","Buenos días, con gusto le ayudo. Permítame un momento para verificar su saldo. Su saldo actual es de {monto} {moneda}. Perfecto, ¿necesita algo más? Claro, estoy para servirle.",es,colombian,0.84,"cuenta, banco, servicio","{""account_numbers"": 2, ""dates"": 0, ""amounts"": 0, ""products"": ""Cuenta Ahorro""}",consulta_general,Transaccional,Azure Speech,High,227.0
TRS-ZC8I7AN52K6ZENYL8U9H,INT-WR27NPLGWNZD9JCO,2026-06-10,CLI-4B4MVWRZJXJL,AGT-N0G051WG35,"Cliente: Buenas tardes, necesito consultar el saldo de mi tarjeta de crédito.

Agente: Buenas tardes, claro que sí. Déjeme revisar esa información. Su saldo actual es {monto} {moneda} y su límite disponible es de {limite} {moneda}.","Buenas tardes, necesito consultar el saldo de mi tarjeta de crédito.","Buenas tardes, claro que sí. Déjeme revisar esa información. Su saldo actual es {monto} {moneda} y su límite disponible es de {limite} {moneda}.",es,colombian,0.78,"banco, cuenta, servicio","{""account_numbers"": 0, ""dates"": 1, ""amounts"": 1, ""products"": null}",consulta_general,Producto,Google STT,High,94.0
TRS-BVE67AAV3XZD41V26C82,INT-1Z0RVO8KOKY4GVYT,2026-06-10,CLI-RHLC8RUVSQRL,AGT-UO6O5BGYNF,"Cliente: Hola, buenos días. Quisiera saber cuál es mi saldo actual en mi cuenta de ahorros.

Agente: Buenos días, con gusto le ayudo. Permítame un momento para verificar su saldo. Su saldo actual es de {monto} {moneda}.

Cliente: Entiendo, muchas gracias.

Agente: Claro, estoy para servirle.

Cliente: Entiendo, muchas gracias.

Agente: Claro, estoy para servirle.","Hola, buenos días. Quisiera saber cuál es mi saldo actual en mi cuenta de ahorros. Entiendo, muchas gracias. Entiendo, muchas gracias.","Buenos días, con gusto le ayudo. Permítame un momento para verificar su saldo. Su saldo actual es de {monto} {moneda}. Claro, estoy para servirle. Claro, estoy para servirle.",es,colombian,0.89,"banco, cuenta","{""account_numbers"": 1, ""dates"": 1, ""amounts"": 2, ""products"": null}",consulta_general,Producto,Whisper v3,High,310.0
TRS-KGW5HBYM03WFV2ZQTQAA,INT-MWMAM45ZQI1S05CY,2026-06-10,CLI-ARLMUBPFUHQX,AGT-L4OQ0ZUN5H,"Cliente: Buenas tardes, necesito consultar el saldo de mi tarjeta de crédito.

Agente: Buenas tardes, claro que sí. Déjeme revisar esa información. Su saldo actual es {monto} {moneda} y su límite disponible es de {limite} {moneda}.","Buenas tardes, necesito consultar el saldo de mi tarjeta de crédito.","Buenas tardes, claro que sí. Déjeme revisar esa información. Su saldo actual es {monto} {moneda} y su límite disponible es de {limite} {moneda}.",es,colombian,0.89,,"{""account_numbers"": 1, ""dates"": 0, ""amounts"": 1, ""products"": ""Cuenta Ahorro""}",consulta_general,Transaccional,AWS Transcribe,High,
TRS-4M3TQKEHE884ZR050LJ2,INT-MYVXWRDSP8ZSDFFN,2026-06-10,CLI-0AE3K4Q7685D,AGT-NB6AG6PT24,"Cliente: Hola, buenos días. Quisiera saber cuál es mi saldo actual en mi cuenta de ahorros.

Agente: Buenos días, con gusto le ayudo. Permítame un momento para verificar su saldo. Su saldo actual es de {monto} {moneda}.","Hola, buenos días. Quisiera saber cuál es mi saldo actual en mi cuenta de ahorros.","Buenos días, con gusto le ayudo. Permítame un momento para verificar su saldo. Su saldo actual es de {monto} {moneda}.",es,,0.81,"servicio, banco, cuenta","{""account_numbers"": 1, ""dates"": 0, ""amounts"": 1, ""products"": null}",consulta_general,Técnico,AWS Transcribe,High,329.0
TRS-4WALUT5JZ9GRMZNL9T71,INT-3ARAGKMBIJ45R9C3,2026-06-10,CLI-6U4YG4DL6K0I,AGT-YTNF7NSA1L,"Cliente: Hola, buenos días. Quisiera saber cuál es mi saldo actual en mi cuenta de ahorros.

Agente: Buenos días, con gusto le ayudo. Permítame un momento para verificar su saldo. Su saldo actual es de {monto} {moneda}.","Hola, buenos días. Quisiera saber cuál es mi saldo actual en mi cuenta de ahorros.","Buenos días, con gusto le ayudo. Permítame un momento para verificar su saldo. Su saldo actual es de {monto} {moneda}.",es,mexican,0.86,"servicio, cuenta, banco","{""account_numbers"": 0, ""dates"": 1, ""amounts"": 1, ""products"": ""Cuenta Ahorro""}",consulta_general,Producto,Azure Speech,High,
TRS-KXCLRFBRWGY6P3ZRBUYG,INT-2FG2EER7M7WW5T31,2026-06-10,CLI-LNVERZDVLSZH,AGT-POEX2CJEPP,"Cliente: Buenas tardes, necesito consultar el saldo de mi tarjeta de crédito.

Agente: Buenas tardes, claro que sí. Déjeme revisar esa información. Su saldo actual es {monto} {moneda} y su límite disponible es de {limite} {moneda}.","Buenas tardes, necesito consultar el saldo de mi tarjeta de crédito.","Buenas tardes, claro que sí. Déjeme revisar esa información. Su saldo actual es {monto} {moneda} y su límite disponible es de {limite} {moneda}.",es,mexican,0.91,"servicio, cuenta, banco","{""account_numbers"": 1, ""dates"": 1, ""amounts"": 2, ""products"": ""Cuenta Ahorro""}",consulta_general,Transaccional,Azure Speech,Medium,253.0
TRS-KXHZ1AWLCYHA97HJH421,INT-X3AIZW5VSY1ZN32B,2026-06-10,CLI-3YVI3G4QKL8B,AGT-VTQJ9SJZEV,"Cliente: Hola, buenos días. Quisiera saber cuál es mi saldo actual en mi cuenta de ahorros.

Agente: Buenos días, con gusto le ayudo. Permítame un momento para verificar su saldo. Su saldo actual es de {monto} {moneda}.","Hola, buenos días. Quisiera saber cuál es mi saldo actual en mi cuenta de ahorros.","Buenos días, con gusto le ayudo. Permítame un momento para verificar su saldo. Su saldo actual es de {monto} {moneda}.",es,,0.9,"cuenta, banco, servicio","{""account_numbers"": 1, ""dates"": 0, ""amounts"": 2, ""products"": ""Tarjeta Crédito""}",consulta_general,Técnico,AWS Transcribe,Medium,
TRS-F4TKUY8Q56VJY5L2LMZ5,INT-8DBDHZO47P405XBL,2026-06-10,CLI-3QPZGHHVKQVJ,AGT-632VJ0ER29,"Cliente: Buenas tardes, necesito consultar el saldo de mi tarjeta de crédito.

Agente: Buenas tardes, claro que sí. Déjeme revisar esa información. Su saldo actual es {monto} {moneda} y su límite disponible es de {limite} {moneda}.","Buenas tardes, necesito consultar el saldo de mi tarjeta de crédito.","Buenas tardes, claro que sí. Déjeme revisar esa información. Su saldo actual es {monto} {moneda} y su límite disponible es de {limite} {moneda}.",es,,0.79,"banco, cuenta","{""account_numbers"": 1, ""dates"": 0, ""amounts"": 2, ""products"": ""Cuenta Ahorro""}",consulta_general,Producto,AWS Transcribe,Medium,
TRS-5QCJS907TJPDXAD4Z35F,INT-HVIQKA3OQG6E3NRR,2026-06-10,CLI-FOGZLX2V6RKE,AGT-34TVYJH4ZG,"Cliente: Buenas tardes, necesito consultar el saldo de mi tarjeta de crédito.

Agente: Buenas tardes, claro que sí. Déjeme revisar esa información. Su saldo actual es {monto} {moneda} y su límite disponible es de {limite} {moneda}.","Buenas tardes, necesito consultar el saldo de mi tarjeta de crédito.","Buenas tardes, claro que sí. Déjeme revisar esa información. Su saldo actual es {monto} {moneda} y su límite disponible es de {limite} {moneda}.",es,colombian,0.96,"banco, cuenta, servicio","{""account_numbers"": 0, ""dates"": 1, ""amounts"": 1, ""products"": ""Cuenta Ahorro""}",consulta_general,Retención,Google STT,High,467.0
TRS-R4W6B9PXMHAQSWFPOCD2,INT-EBZWL92JBXUUU12H,2026-06-10,CLI-L1VPA24RI6JX,AGT-WTHHY9FLGT,"Cliente: Hola, buenos días. Quisiera saber cuál es mi saldo actual en mi cuenta de ahorros.

Agente: Buenos días, con gusto le ayudo. Permítame un momento para verificar su saldo. Su saldo actual es de {monto} {moneda}.","Hola, buenos días. Quisiera saber cuál es mi saldo actual en mi cuenta de ahorros.","Buenos días, con gusto le ayudo. Permítame un momento para verificar su saldo. Su saldo actual es de {monto} {moneda}.",es,,0.87,"servicio, banco, cuenta","{""account_numbers"": 1, ""dates"": 1, ""amounts"": 1, ""products"": ""Tarjeta Crédito""}",consulta_general,Producto,AWS Transcribe,High,
TRS-585Q1XWI1ODOYCUP9COK,INT-8IUBB6CM5KQVBOL5,2026-06-10,CLI-883A2FJO4BOM,AGT-S7G5N2BGQY,"Cliente: Buenas tardes, necesito consultar el saldo de mi tarjeta de crédito.

Agente: Buenas tardes, claro que sí. Déjeme revisar esa información. Su saldo actual es {monto} {moneda} y su límite disponible es de {limite} {moneda}.","Buenas tardes, necesito consultar el saldo de mi tarjeta de crédito.","Buenas tardes, claro que sí. Déjeme revisar esa información. Su saldo actual es {monto} {moneda} y su límite disponible es de {limite} {moneda}.",es,colombian,0.88,"banco, cuenta","{""account_numbers"": 2, ""dates"": 0, ""amounts"": 2, ""products"": ""Cuenta Ahorro""}",consulta_general,Queja,Azure Speech,Medium,478.0
TRS-MYUD22HQBU0OYMY0849L,INT-FPZS0R6919N2N5GA,2026-06-10,CLI-S9XNADQXUUKL,AGT-GSM38P7MQL,"Cliente: Buenas tardes, necesito consultar el saldo de mi tarjeta de crédito.

Agente: Buenas tardes, claro que sí. Déjeme revisar esa información. Su saldo actual es {monto} {moneda} y su límite disponible es de {limite} {moneda}.","Buenas tardes, necesito consultar el saldo de mi tarjeta de crédito.","Buenas tardes, claro que sí. Déjeme revisar esa información. Su saldo actual es {monto} {moneda} y su límite disponible es de {limite} {moneda}.",es,mexican,0.81,"banco, cuenta, servicio","{""account_numbers"": 1, ""dates"": 0, ""amounts"": 0, ""products"": null}",consulta_general,Transaccional,AWS Transcribe,High,84.0
TRS-GQKCSG0KM8HX9TFZFGR9,INT-XOLJFRETU36NT6C8,2026-06-10,CLI-KZQILHIZ69RK,AGT-S2RR13SI24,"Cliente: Buenas tardes, necesito consultar el saldo de mi tarjeta de crédito.

Agente: Buenas tardes, claro que sí. Déjeme revisar esa información. Su saldo actual es {monto} {moneda} y su límite disponible es de {limite} {moneda}.","Buenas tardes, necesito consultar el saldo de mi tarjeta de crédito.","Buenas tardes, claro que sí. Déjeme revisar esa información. Su saldo actual es {monto} {moneda} y su límite disponible es de {limite} {moneda}.",es,,0.82,"cuenta, banco, servicio","{""account_numbers"": 0, ""dates"": 0, ""amounts"": 2, ""products"": null}",consulta_general,Transaccional,AWS Transcribe,High,136.0
TRS-2FQ6WK4W2WUMHQSDZN8L,INT-MY9HH7EMQMXO92H4,2026-06-10,CLI-NZKKUWSMII26,AGT-IA36860J9Z,"Cliente: Hola, buenos días. Quisiera saber cuál es mi saldo actual en mi cuenta de ahorros.

Agente: Buenos días, con gusto le ayudo. Permítame un momento para verificar su saldo. Su saldo actual es de {monto} {moneda}.

Cliente: Muy bien, ¿hay algo más que deba saber?

Agente: No hay problema, que tenga buen día.

Cliente: Muy bien, ¿hay algo más que deba saber?

Agente: Claro, estoy para servirle.","Hola, buenos días. Quisiera saber cuál es mi saldo actual en mi cuenta de ahorros. Muy bien, ¿hay algo más que deba saber? Muy bien, ¿hay algo más que deba saber?","Buenos días, con gusto le ayudo. Permítame un momento para verificar su saldo. Su saldo actual es de {monto} {moneda}. No hay problema, que tenga buen día. Claro, estoy para servirle.",es,,,"servicio, banco, cuenta","{""account_numbers"": 2, ""dates"": 0, ""amounts"": 1, ""products"": ""Cuenta Ahorro""}",consulta_general,Transaccional,Google STT,High,303.0
TRS-EB9GBY9PD6NQSDIVWGDG,INT-4G771DUYOOLBRSIV,2026-06-10,CLI-5B81Y4GBWE9U,AGT-Y01RTJUOQJ,"Cliente: Hola, buenos días. Quisiera saber cuál es mi saldo actual en mi cuenta de ahorros.

Agente: Buenos días, con gusto le ayudo. Permítame un momento para verificar su saldo. Su saldo actual es de {monto} {moneda}.

Cliente: Entiendo, muchas gracias.

Agente: Con gusto. ¿Hay algo más en lo que pueda ayudarle?

Cliente: ¿Y eso cuánto tiempo tarda?

Agente: No hay problema, que tenga buen día.","Hola, buenos días. Quisiera saber cuál es mi saldo actual en mi cuenta de ahorros. Entiendo, muchas gracias. ¿Y eso cuánto tiempo tarda?","Buenos días, con gusto le ayudo. Permítame un momento para verificar su saldo. Su saldo actual es de {monto} {moneda}. Con gusto. ¿Hay algo más en lo que pueda ayudarle? No hay problema, que tenga buen día.",es,mexican,0.79,"cuenta, banco","{""account_numbers"": 1, ""dates"": 0, ""amounts"": 1, ""products"": ""Cuenta Ahorro""}",consulta_general,Transaccional,Whisper v3,Medium,115.0
TRS-XFZK2YVD4RFCU54R1KUZ,INT-HF6YFULJE7UEWK1U,2026-06-10,CLI-SBBV2INPC09Q,AGT-Z8JR0B77VI,"Cliente: Hola, buenos días. Quisiera saber cuál es mi saldo actual en mi cuenta de ahorros.

Agente: Buenos días, con gusto le ayudo. Permítame un momento para verificar su saldo. Su saldo actual es de {monto} {moneda}.","Hola, buenos días. Quisiera saber cuál es mi saldo actual en mi cuenta de ahorros.","Buenos días, con gusto le ayudo. Permítame un momento para verificar su saldo. Su saldo actual es de {monto} {moneda}.",es,,0.82,"banco, cuenta",,consulta_general,Transaccional,Google STT,High,235.0
TRS-MXC3B6VZPCIR8OZYLP6P,INT-TVKR3QBIJA0ZLBH7,2026-06-10,CLI-ZMW9HQX22LRM,AGT-S1A5VZL0SM,"Cliente: Hola, buenos días. Quisiera saber cuál es mi saldo actual en mi cuenta de ahorros.

Agente: Buenos días, con gusto le ayudo. Permítame un momento para verificar su saldo. Su saldo actual es de {monto} {moneda}.

Cliente: Perfecto, eso es lo que necesitaba.

Agente: Perfecto, ¿necesita algo más?

Cliente: Entiendo, muchas gracias.

Agente: Perfecto, ¿necesita algo más?","Hola, buenos días. Quisiera saber cuál es mi saldo actual en mi cuenta de ahorros. Perfecto, eso es lo que necesitaba. Entiendo, muchas gracias.","Buenos días, con gusto le ayudo. Permítame un momento para verificar su saldo. Su saldo actual es de {monto} {moneda}. Perfecto, ¿necesita algo más? Perfecto, ¿necesita algo más?",es,,,"cuenta, servicio, banco","{""account_numbers"": 1, ""dates"": 0, ""amounts"": 1, ""products"": ""Tarjeta Crédito""}",consulta_general,Transaccional,Azure Speech,Medium,246.0
TRS-38TFJRKFYBD8HFKYT5AP,INT-MS1B3L28ZJPT4I1U,2026-06-10,CLI-83G063TUM32U,AGT-OJ9N4FGYV9,"Cliente: Hola, buenos días. Quisiera saber cuál es mi saldo actual en mi cuenta de ahorros.

Agente: Buenos días, con gusto le ayudo. Permítame un momento para verificar su saldo. Su saldo actual es de {monto} {moneda}.","Hola, buenos días. Quisiera saber cuál es mi saldo actual en mi cuenta de ahorros.","Buenos días, con gusto le ayudo. Permítame un momento para verificar su saldo. Su saldo actual es de {monto} {moneda}.",es,,0.88,"servicio, cuenta, banco","{""account_numbers"": 2, ""dates"": 0, ""amounts"": 1, ""products"": null}",consulta_general,Transaccional,AWS Transcribe,High,240.0
TRS-4OKG46HATFGUASF7ITCO,INT-P5LK4NMK4L1HA69L,2026-06-10,CLI-JTEHAFNW2HVT,AGT-C7L9UKCI6Z,"Cliente: Hola, buenos días. Quisiera saber cuál es mi saldo actual en mi cuenta de ahorros.

Agente: Buenos días, con gusto le ayudo. Permítame un momento para verificar su saldo. Su saldo actual es de {monto} {moneda}.

Cliente: ¿Y eso cuánto tiempo tarda?

Agente: Perfecto, ¿necesita algo más?","Hola, buenos días. Quisiera saber cuál es mi saldo actual en mi cuenta de ahorros. ¿Y eso cuánto tiempo tarda?","Buenos días, con gusto le ayudo. Permítame un momento para verificar su saldo. Su saldo actual es de {monto} {moneda}. Perfecto, ¿necesita algo más?",es,,0.8,"servicio, banco","{""account_numbers"": 1, ""dates"": 1, ""amounts"": 0, ""products"": null}",consulta_general,Técnico,Azure Speech,High,166.0
TRS-KOV9INU255L6ZC3Z5IC1,INT-5P1Z1AO3ODRRJX9F,2026-06-10,CLI-TWEN872GN7U7,AGT-VNCMXKXLZE,"Cliente: Hola, buenos días. Quisiera saber cuál es mi saldo actual en mi cuenta de ahorros.

Agente: Buenos días, con gusto le ayudo. Permítame un momento para verificar su saldo. Su saldo actual es de {monto} {moneda}.

Cliente: Perfecto, eso es lo que necesitaba.

Agente: Claro, estoy para servirle.

Cliente: ¿Y eso cuánto tiempo tarda?

Agente: Con gusto. ¿Hay algo más en lo que pueda ayudarle?","Hola, buenos días. Quisiera saber cuál es mi saldo actual en mi cuenta de ahorros. Perfecto, eso es lo que necesitaba. ¿Y eso cuánto tiempo tarda?","Buenos días, con gusto le ayudo. Permítame un momento para verificar su saldo. Su saldo actual es de {monto} {moneda}. Claro, estoy para servirle. Con gusto. ¿Hay algo más en lo que pueda ayudarle?",es,argentine,0.76,"banco, servicio, cuenta","{""account_numbers"": 0, ""dates"": 0, ""amounts"": 1, ""products"": null}",consulta_general,Comercial,Azure Speech,Medium,572.0
TRS-QYFGBV0XO0D6W0LLSLRF,INT-VHRTQKJW7UMBXK58,2026-06-10,CLI-7WEY289K4OBT,AGT-7ID1M83527,"Cliente: Hola, buenos días. Quisiera saber cuál es mi saldo actual en mi cuenta de ahorros.

Agente: Buenos días, con gusto le ayudo. Permítame un momento para verificar su saldo. Su saldo actual es de {monto} {moneda}.","Hola, buenos días. Quisiera saber cuál es mi saldo actual en mi cuenta de ahorros.","Buenos días, con gusto le ayudo. Permítame un momento para verificar su saldo. Su saldo actual es de {monto} {moneda}.",es,,0.97,"banco, cuenta, servicio","{""account_numbers"": 0, ""dates"": 0, ""amounts"": 1, ""products"": null}",consulta_general,Queja,Google STT,High,298.0
